126	1	5.22000000000000
126	2	73.9000000000000
126	3	0.0859000000000000
126	4	0.445000000000000
126	5	0.614000000000000
126	6	0.714000000000000
126	7	0.0154000000000000
126	8	10.5000000000000
126	9	280
126	10	33
126	11	20
126	12	111
126	13	74
126	14	110
126	22	0.0547000000000000
126	52	0.00101000000000000
126	123	6
126	125	13
9	127	2
10	127	0.200000000000000
11	127	9.50000000000000
13	127	1.44000000000000
45	127	0.213000000000000
47	127	0.00955000000000000
51	127	0.0277000000000000
52	127	4.56000000000000e-07
53	127	0.00390000000000000
54	127	0.00816000000000000
55	127	4.15000000000000e-05
56	127	0.00225000000000000
60	127	1.21000000000000e-06
61	127	4.13000000000000e-06
63	127	1.89000000000000e-06
65	127	0.00124000000000000
66	127	4.53000000000000e-07
70	127	0.000175000000000000
76	127	5.80000000000000e-05
77	127	0.000126000000000000
78	127	0.000374000000000000
79	127	0.000261000000000000
80	127	0.000294000000000000
81	127	1.39000000000000e-07
82	127	0.0105000000000000
83	127	2.81000000000000e-05
84	127	1.19000000000000e-06
85	127	0.00353000000000000
86	127	0.00118000000000000
87	127	0.00101000000000000
88	127	2.64000000000000e-05
89	127	1.77000000000000e-07
90	127	9.97000000000000e-05
91	127	0.00210000000000000
92	127	0.00292000000000000
96	127	4.23000000000000e-06
97	127	4.40000000000000e-08
98	127	4.46000000000000e-08
99	127	3.12000000000000e-08
100	127	1.18000000000000e-08
15	128	98.6000000000000
16	128	132
17	128	10.3000000000000
18	128	1.78000000000000
19	128	8.42000000000000
20	128	0.151000000000000
21	128	10.2000000000000
22	128	0.543000000000000
23	128	6.13000000000000
24	128	92.3000000000000
25	128	8.36000000000000
26	128	33.2000000000000
27	128	0.221000000000000
28	128	0.0128000000000000
29	128	0.0219000000000000
30	128	0.784000000000000
31	128	0.817000000000000
32	128	0.296000000000000
33	128	0.0343000000000000
34	128	0.0305000000000000
35	128	1.26000000000000
36	128	1
37	128	0.575000000000000
38	128	0.861000000000000
39	128	0.0699000000000000
40	128	0.131000000000000
41	128	0.179000000000000
42	128	0.527000000000000
43	128	1.12000000000000
44	128	0.573000000000000
45	128	0.833000000000000
46	128	0.0374000000000000
47	128	0.0629000000000000
48	128	0.0316000000000000
49	128	0.276000000000000
50	128	0.00855000000000000
51	128	0.116000000000000
52	128	0.00211000000000000
53	128	4.53000000000000e-05
54	128	0.0171000000000000
55	128	0.000684000000000000
56	128	0.000644000000000000
57	128	0.0168000000000000
58	128	8.37000000000000e-05
59	128	0.236000000000000
60	128	0.00168000000000000
61	128	0.00582000000000000
62	128	0.0124000000000000
63	128	0.00601000000000000
64	128	0.00117000000000000
65	128	0.00996000000000000
66	128	0.00370000000000000
67	128	0.000837000000000000
68	128	0.0986000000000000
69	128	0.0171000000000000
70	128	0.000280000000000000
71	128	0.00147000000000000
72	128	0.00500000000000000
73	128	0.00693000000000000
74	128	0.0107000000000000
75	128	0.00326000000000000
76	128	2.66000000000000e-05
77	128	0.000349000000000000
78	128	0.000207000000000000
79	128	0.00495000000000000
80	128	0.000986000000000000
81	128	0.0105000000000000
82	128	0.0202000000000000
83	128	0.000126000000000000
84	128	0.0639000000000000
85	128	0.0191000000000000
86	128	0.00317000000000000
87	128	7.41000000000000e-05
88	128	0.0174000000000000
89	128	0.00171000000000000
90	128	3.80000000000000e-06
91	128	0.00188000000000000
92	128	0.0129000000000000
93	128	0.00623000000000000
94	128	0.0643000000000000
95	128	0.00413000000000000
96	128	0.00851000000000000
97	128	0.0170000000000000
98	128	0.0293000000000000
99	128	0.000302000000000000
100	128	0.00816000000000000
101	128	1.20000000000000e-05
102	128	0.000282000000000000
103	128	0.0308000000000000
104	128	0.00690000000000000
105	128	0.0149000000000000
106	128	0.00955000000000000
107	128	0.00453000000000000
108	128	0.00542000000000000
109	128	0.00262000000000000
110	128	0.00526000000000000
111	128	0.000515000000000000
112	128	0.000805000000000000
113	128	0.00366000000000000
114	128	0.00121000000000000
115	128	0.00438000000000000
116	128	4.10000000000000e-05
117	128	0.000997000000000000
118	128	0.00130000000000000
119	128	0.000656000000000000
120	128	4.70000000000000e-06
121	128	0.00213000000000000
122	128	0.00176000000000000
123	128	6.07000000000000
124	128	307
1	16	2.34000000000000
1	17	0.162000000000000
1	18	0.151000000000000
1	19	0.722000000000000
1	20	0.0130000000000000
1	21	0.965000000000000
1	23	0.0335000000000000
1	27	0.0165000000000000
1	30	0.00348000000000000
1	31	0.0926000000000000
1	37	0.0556000000000000
1	67	1.91000000000000e-05
1	69	0.000438000000000000
1	71	1.14000000000000e-05
1	125	0.663000000000000
2	16	33.1000000000000
2	17	2.29000000000000
2	18	2.13000000000000
2	19	10.2000000000000
2	20	0.184000000000000
2	21	13.7000000000000
2	23	7.46000000000000
2	27	0.294000000000000
2	30	0.0392000000000000
2	31	0.896000000000000
2	32	0.141000000000000
2	35	0.365000000000000
2	37	0.519000000000000
2	38	0.101000000000000
2	39	0.00736000000000000
2	40	0.0208000000000000
2	45	0.0939000000000000
2	48	0.00515000000000000
2	71	0.000380000000000000
2	84	0.0114000000000000
2	89	0.000167000000000000
2	91	0.000802000000000000
2	125	2.31000000000000
3	18	0.00287000000000000
3	19	0.0137000000000000
3	20	0.000248000000000000
3	23	0.0100000000000000
3	30	6.31000000000000e-05
3	71	2.43000000000000e-06
3	84	1.46000000000000e-05
3	89	1.28000000000000e-06
3	91	1.13000000000000e-06
3	125	0.0589000000000000
4	16	0.200000000000000
4	17	0.0138000000000000
4	18	0.0129000000000000
4	19	0.0616000000000000
4	20	0.00111000000000000
4	21	0.0824000000000000
4	23	0.0449000000000000
4	27	0.00177000000000000
4	28	0.00180000000000000
4	31	0.00905000000000000
4	37	0.00518000000000000
4	125	0.0111000000000000
5	17	0.0209000000000000
5	18	0.0195000000000000
5	19	0.0934000000000000
5	20	0.00169000000000000
5	23	0.0681000000000000
5	27	0.00164000000000000
5	28	0.00273000000000000
5	31	0.117000000000000
5	37	0.00594000000000000
5	45	0.0825000000000000
5	67	2.90000000000000e-05
5	69	0.000664000000000000
5	71	1.73000000000000e-05
5	125	0.200000000000000
6	17	0.0243000000000000
6	18	0.0227000000000000
6	19	0.109000000000000
6	20	0.00196000000000000
6	22	0.0293000000000000
6	23	0.0792000000000000
6	27	0.00291000000000000
6	31	0.0153000000000000
6	37	0.00874000000000000
6	67	3.37000000000000e-05
6	69	0.000772000000000000
6	71	2.02000000000000e-05
6	125	0.420000000000000
7	17	0.000583000000000000
7	18	0.000544000000000000
7	19	0.00261000000000000
7	20	4.70000000000000e-05
7	23	0.00171000000000000
7	27	4.17000000000000e-05
7	30	1.13000000000000e-05
7	31	0.000144000000000000
7	37	8.38000000000000e-05
7	67	7.28000000000000e-07
7	69	1.67000000000000e-05
7	71	4.35000000000000e-07
7	125	0.00963000000000000
8	24	2.90000000000000
8	25	0.312000000000000
8	26	1.21000000000000
8	30	0.00623000000000000
8	32	0.112000000000000
8	35	0.305000000000000
8	36	0.0189000000000000
8	38	0.320000000000000
8	39	0.0439000000000000
8	40	0.138000000000000
8	41	0.150000000000000
8	43	0.257000000000000
8	45	0.0149000000000000
8	48	0.0262000000000000
8	71	0.000302000000000000
8	100	1.33000000000000e-05
8	124	4.69000000000000
9	41	0.0811000000000000
9	42	0.363000000000000
9	44	0.00743000000000000
9	45	0.211000000000000
9	49	0.193000000000000
9	65	0.00673000000000000
9	84	0.00639000000000000
9	100	0.00192000000000000
9	109	0.00112000000000000
9	110	0.00105000000000000
9	119	0.00242000000000000
9	122	0.00114000000000000
9	123	83.1000000000000
9	124	111
9	125	83.1000000000000
10	41	0.00867000000000000
10	42	0.0412000000000000
10	44	0.000844000000000000
10	45	0.0239000000000000
10	49	0.0220000000000000
10	65	0.000764000000000000
10	84	0.000726000000000000
10	100	0.000218000000000000
10	109	0.000508000000000000
10	110	0.000479000000000000
10	122	0.000260000000000000
10	123	9.81000000000000
10	124	13.1000000000000
10	125	9.81000000000000
11	41	0.00736000000000000
11	42	0.0297000000000000
11	44	0.000608000000000000
11	45	0.0172000000000000
11	49	0.0158000000000000
11	65	0.000550000000000000
11	84	0.000523000000000000
11	100	0.000157000000000000
11	109	0.000366000000000000
11	110	0.000345000000000000
11	122	0.000374000000000000
11	123	3.13000000000000
11	124	4.17000000000000
11	125	3.13000000000000
12	124	111
13	71	0.000421000000000000
13	84	0.0253000000000000
13	89	0.000445000000000000
13	91	0.000978000000000000
13	100	0.000186000000000000
13	123	21.8000000000000
13	124	29
13	125	21.8000000000000
14	30	0.612000000000000
14	33	0.0588000000000000
14	41	0.157000000000000
14	42	0.434000000000000
14	43	2.07000000000000
14	44	0.0533000000000000
14	45	0.109000000000000
14	46	0.0616000000000000
14	49	0.0289000000000000
14	65	0.00769000000000000
14	71	0.00198000000000000
14	83	1.35000000000000e-05
14	84	0.00436000000000000
14	89	0.00157000000000000
14	91	0.00310000000000000
14	100	0.00131000000000000
14	109	0.000762000000000000
14	110	0.000718000000000000
14	119	0.000827000000000000
14	122	0.000390000000000000
14	123	31.9000000000000
14	124	42.6000000000000
14	125	31.9000000000000
15	16	26
15	17	2.34000000000000
15	18	0.783000000000000
15	19	3.75000000000000
15	20	0.0677000000000000
15	21	4.92000000000000
15	23	2.71000000000000
15	27	0.0292000000000000
15	31	0.250000000000000
15	123	27
16	17	8.31000000000000
16	18	1.40000000000000
16	19	6.72000000000000
16	20	0.121000000000000
16	21	9.30000000000000
16	23	4.86000000000000
16	27	0.0305000000000000
16	31	0.0962000000000000
16	37	0.150000000000000
16	123	120
17	18	0.0849000000000000
17	19	0.407000000000000
17	20	0.00734000000000000
17	23	0.294000000000000
17	27	0.00185000000000000
17	31	0.00582000000000000
17	37	0.00954000000000000
17	123	9.47000000000000
18	22	0.0683000000000000
18	28	0.00205000000000000
18	29	0.00169000000000000
18	30	0.000294000000000000
18	45	0.0105000000000000
18	57	0.000615000000000000
18	58	2.10000000000000e-05
18	59	0.0165000000000000
18	65	0.000143000000000000
18	67	2.18000000000000e-05
18	68	0.00178000000000000
18	69	0.000499000000000000
18	72	0.000776000000000000
18	73	0.000353000000000000
18	74	0.000717000000000000
18	75	2.12000000000000e-05
18	77	1.65000000000000e-05
18	78	5.73000000000000e-06
18	81	0.000190000000000000
18	82	0.00168000000000000
18	85	0.000325000000000000
18	86	0.000109000000000000
18	94	0.00769000000000000
18	95	0.000393000000000000
18	96	9.24000000000000e-05
18	99	1.07000000000000e-06
18	123	2.84000000000000
19	22	0.320000000000000
19	28	0.00958000000000000
19	29	0.0180000000000000
19	30	0.00137000000000000
19	45	0.0490000000000000
19	57	0.00288000000000000
19	58	9.82000000000000e-05
19	59	0.0771000000000000
19	65	1.18000000000000e-05
19	67	0.000102000000000000
19	68	0.00831000000000000
19	69	0.00233000000000000
19	72	0.00399000000000000
19	73	0.00165000000000000
19	74	0.00229000000000000
19	75	0.000567000000000000
19	77	5.25000000000000e-05
19	78	2.69000000000000e-05
19	81	0.000888000000000000
19	82	0.00786000000000000
19	85	0.00152000000000000
19	86	0.000513000000000000
19	94	0.0300000000000000
19	95	0.00252000000000000
19	96	0.000476000000000000
19	99	3.44000000000000e-06
19	123	13.7000000000000
20	22	0.00560000000000000
20	28	0.000167000000000000
20	29	0.000137000000000000
20	30	2.39000000000000e-05
20	45	0.000853000000000000
20	57	5.01000000000000e-05
20	58	1.71000000000000e-06
20	59	0.00134000000000000
20	65	0.000488000000000000
20	67	1.78000000000000e-06
20	68	0.000145000000000000
20	69	4.07000000000000e-05
20	72	6.32000000000000e-05
20	73	2.87000000000000e-05
20	74	3.99000000000000e-05
20	75	9.87000000000000e-06
20	77	9.14000000000000e-07
20	78	4.67000000000000e-07
20	81	1.55000000000000e-05
20	82	0.000137000000000000
20	85	2.65000000000000e-05
20	86	8.93000000000000e-06
20	94	0.000627000000000000
20	95	3.20000000000000e-05
20	96	7.53000000000000e-06
20	99	5.99000000000000e-08
20	123	0.248000000000000
21	22	0.233000000000000
21	28	0.00698000000000000
21	29	9.52000000000000e-05
21	30	0.00100000000000000
21	45	0.0357000000000000
21	57	0.00210000000000000
21	58	7.16000000000000e-05
21	59	0.0618000000000000
21	65	0.000436000000000000
21	67	7.43000000000000e-05
21	68	0.00666000000000000
21	69	0.00187000000000000
21	72	0.00291000000000000
21	73	0.000661000000000000
21	74	0.00183000000000000
21	75	0.000227000000000000
21	77	3.82000000000000e-05
21	78	1.96000000000000e-05
21	81	0.000647000000000000
21	82	0.00299000000000000
21	85	0.00111000000000000
21	86	0.000374000000000000
21	94	0.0220000000000000
21	95	0.00202000000000000
21	96	0.000315000000000000
21	99	2.51000000000000e-06
21	123	19.1000000000000
22	29	0.00598000000000000
22	57	6.68000000000000e-05
22	58	7.51000000000000e-05
22	59	0.0315000000000000
22	65	6.83000000000000e-06
22	67	1.28000000000000e-06
22	68	0.0222000000000000
22	69	2.93000000000000e-05
22	70	2.95000000000000e-05
22	72	0.00182000000000000
22	96	1.25000000000000e-05
22	123	0.365000000000000
23	22	0.254000000000000
23	28	0.00720000000000000
23	29	0.00485000000000000
23	30	0.000929000000000000
23	37	0.000593000000000000
23	45	0.000368000000000000
23	57	0.00216000000000000
23	58	7.38000000000000e-05
23	59	0.0521000000000000
23	65	0.000505000000000000
23	67	7.66000000000000e-05
23	68	0.00504000000000000
23	69	0.00158000000000000
23	72	0.00245000000000000
23	73	0.000558000000000000
23	74	0.00174000000000000
23	75	0.000192000000000000
23	96	0.000292000000000000
23	123	9.50000000000000
24	25	9.16000000000000
24	26	33
24	32	0.00477000000000000
24	35	0.00144000000000000
24	36	0.0173000000000000
24	37	0.00926000000000000
24	38	0.0470000000000000
24	39	0.0982000000000000
24	40	0.278000000000000
24	91	0.000422000000000000
24	124	49.7000000000000
25	26	3.72000000000000
25	32	0.000332000000000000
25	35	0.537000000000000
25	36	0.00121000000000000
25	37	0.000734000000000000
25	38	0.00327000000000000
25	39	0.00684000000000000
25	40	0.0215000000000000
25	91	2.95000000000000e-05
25	124	7.74000000000000
26	30	0.0268000000000000
26	32	0.00524000000000000
26	36	0.762000000000000
26	38	0.426000000000000
26	44	0.0182000000000000
26	45	0.276000000000000
26	47	0.0521000000000000
26	48	0.0186000000000000
26	58	2.19000000000000e-05
26	82	0.00805000000000000
26	85	0.00426000000000000
26	89	0.00161000000000000
26	91	0.00141000000000000
26	96	0.00344000000000000
26	100	0.00131000000000000
26	124	86.3000000000000
27	30	0.148000000000000
27	57	0.00291000000000000
27	81	0.00265000000000000
27	83	2.26000000000000e-06
27	84	0.0103000000000000
27	89	0.000668000000000000
27	97	0.00499000000000000
27	100	0.000108000000000000
27	118	0.000217000000000000
27	120	1.62000000000000e-05
27	122	3.85000000000000e-05
27	123	0.0767000000000000
28	88	0.000382000000000000
28	89	2.13000000000000e-05
28	97	0.000159000000000000
28	124	0.0171000000000000
29	30	0.0632000000000000
29	81	7.25000000000000e-05
29	84	0.00730000000000000
29	88	0.00691000000000000
29	97	0.00201000000000000
29	118	0.000105000000000000
29	120	1.19000000000000e-07
29	124	0.0153000000000000
30	36	0.0454000000000000
30	47	0.00699000000000000
30	61	0.00388000000000000
30	89	0.000195000000000000
30	97	0.0181000000000000
30	98	0.000493000000000000
30	100	0.000393000000000000
30	102	5.44000000000000e-06
30	118	0.000255000000000000
30	120	2.90000000000000e-07
30	122	7.24000000000000e-05
30	124	0.239000000000000
31	30	0.0586000000000000
31	34	0.0137000000000000
31	36	0.0981000000000000
31	44	0.0628000000000000
31	49	0.0292000000000000
31	50	0.00134000000000000
31	51	0.0185000000000000
31	52	0.000394000000000000
31	53	0.000229000000000000
31	54	0.0275000000000000
31	56	0.000639000000000000
31	57	0.00307000000000000
31	58	3.75000000000000e-05
31	61	0.000308000000000000
31	67	0.000535000000000000
31	68	0.0132000000000000
31	69	0.0122000000000000
31	78	0.000282000000000000
31	81	0.00371000000000000
31	82	0.00575000000000000
31	83	6.11000000000000e-05
31	84	0.000572000000000000
31	85	0.00179000000000000
31	87	0.000163000000000000
31	89	6.77000000000000e-05
31	97	0.000113000000000000
31	98	0.00514000000000000
31	100	2.47000000000000e-06
31	102	6.65000000000000e-06
31	105	0.000338000000000000
31	106	0.000218000000000000
31	107	0.000167000000000000
31	108	0.000117000000000000
31	109	0.000156000000000000
31	110	0.000648000000000000
31	111	1.07000000000000e-05
31	113	0.000265000000000000
31	114	9.64000000000000e-05
31	115	0.000271000000000000
31	118	0.000831000000000000
31	120	9.47000000000000e-07
31	121	3.40000000000000e-05
31	122	8.85000000000000e-05
31	124	0.652000000000000
32	30	0.00373000000000000
32	34	0.0256000000000000
32	44	0.0362000000000000
32	47	0.00706000000000000
32	52	2.28000000000000e-05
32	53	1.59000000000000e-05
32	54	0.00175000000000000
32	56	4.07000000000000e-05
32	57	0.00611000000000000
32	58	6.97000000000000e-05
32	61	0.000124000000000000
32	67	6.20000000000000e-05
32	68	0.0187000000000000
32	69	0.00142000000000000
32	74	0.000555000000000000
32	78	1.63000000000000e-05
32	81	0.000521000000000000
32	82	0.000333000000000000
32	83	3.55000000000000e-06
32	84	0.000441000000000000
32	87	2.07000000000000e-05
32	97	0.000733000000000000
32	98	0.00204000000000000
32	100	1.59000000000000e-05
32	105	0.000215000000000000
32	106	0.000139000000000000
32	107	0.000106000000000000
32	108	7.45000000000000e-05
32	109	9.88000000000000e-05
32	110	0.000413000000000000
32	111	6.80000000000000e-06
32	113	0.000169000000000000
32	114	6.14000000000000e-05
32	115	0.000172000000000000
32	118	0.000159000000000000
32	120	1.80000000000000e-07
32	122	5.64000000000000e-06
32	124	0.0947000000000000
33	52	3.33000000000000e-06
33	53	2.11000000000000e-06
33	54	0.000256000000000000
33	56	5.94000000000000e-06
33	57	0.000893000000000000
33	58	1.02000000000000e-05
33	61	4.93000000000000e-05
33	68	0.00274000000000000
33	81	7.61000000000000e-05
33	82	4.85000000000000e-05
33	83	5.17000000000000e-07
33	84	6.44000000000000e-05
33	87	1.51000000000000e-05
33	97	0.000106000000000000
33	98	0.000298000000000000
33	100	2.32000000000000e-06
33	107	1.56000000000000e-05
33	109	1.44000000000000e-05
33	110	6.02000000000000e-05
33	113	2.46000000000000e-05
33	114	8.97000000000000e-06
33	115	2.52000000000000e-05
33	118	2.32000000000000e-05
33	124	0.0198000000000000
34	52	2.83000000000000e-06
34	53	2.10000000000000e-06
34	54	0.000219000000000000
34	56	5.06000000000000e-06
34	57	0.000761000000000000
34	58	8.67000000000000e-06
34	61	4.20000000000000e-05
34	78	2.03000000000000e-06
34	81	6.48000000000000e-05
34	82	4.14000000000000e-05
34	83	4.41000000000000e-07
34	84	5.49000000000000e-05
34	87	1.29000000000000e-05
34	97	0.000746000000000000
34	98	0.000254000000000000
34	100	1.98000000000000e-06
34	109	1.22000000000000e-05
34	110	5.14000000000000e-05
34	113	2.10000000000000e-05
34	114	7.64000000000000e-06
34	115	2.14000000000000e-05
34	118	1.98000000000000e-05
34	124	0.0183000000000000
35	36	0.139000000000000
35	44	0.0913000000000000
35	49	0.0142000000000000
35	54	0.00983000000000000
35	56	0.000228000000000000
35	61	0.00202000000000000
35	62	2.71000000000000e-05
35	68	0.00436000000000000
35	78	9.15000000000000e-05
35	81	0.00844000000000000
35	82	0.0111000000000000
35	83	2.67000000000000e-05
35	84	0.0123000000000000
35	85	0.00257000000000000
35	89	2.20000000000000e-05
35	94	0.0114000000000000
35	95	0.00117000000000000
35	96	0.000958000000000000
35	97	0.00411000000000000
35	98	0.000254000000000000
35	100	8.92000000000000e-05
35	105	0.000242000000000000
35	106	0.000155000000000000
35	107	0.000119000000000000
35	108	8.36000000000000e-05
35	109	2.78000000000000e-05
35	110	0.000231000000000000
35	111	3.81000000000000e-06
35	113	0.000189000000000000
35	114	0.000115000000000000
35	115	0.000322000000000000
35	118	0.000297000000000000
35	120	3.38000000000000e-07
35	122	3.17000000000000e-05
35	124	0.836000000000000
36	44	0.199000000000000
36	49	0.0140000000000000
36	54	0.00877000000000000
36	56	0.000204000000000000
36	61	0.00129000000000000
36	62	2.66000000000000e-05
36	68	0.00389000000000000
36	78	8.16000000000000e-05
36	81	0.00753000000000000
36	82	0.00889000000000000
36	83	2.39000000000000e-05
36	84	0.0110000000000000
36	85	0.00229000000000000
36	89	1.97000000000000e-05
36	94	0.0102000000000000
36	95	0.00104000000000000
36	96	0.000885000000000000
36	97	0.00367000000000000
36	98	0.000226000000000000
36	100	7.96000000000000e-05
36	102	1.06000000000000e-05
36	105	0.000216000000000000
36	106	0.000139000000000000
36	107	0.000106000000000000
36	108	7.45000000000000e-05
36	109	2.48000000000000e-05
36	110	0.000207000000000000
36	111	3.41000000000000e-06
36	113	0.000169000000000000
36	114	0.000103000000000000
36	115	0.000288000000000000
36	118	0.000265000000000000
36	120	3.02000000000000e-07
36	122	2.82000000000000e-05
36	124	0.310000000000000
37	36	0.128000000000000
37	49	0.0129000000000000
37	54	0.00453000000000000
37	56	0.000105000000000000
37	61	0.000967000000000000
37	62	1.25000000000000e-05
37	68	0.00201000000000000
37	69	0.00100000000000000
37	78	4.21000000000000e-05
37	81	0.00489000000000000
37	82	0.00510000000000000
37	83	1.23000000000000e-05
37	84	0.00566000000000000
37	85	0.00219000000000000
37	89	1.01000000000000e-05
37	94	0.00981000000000000
37	95	0.000994000000000000
37	96	0.000440000000000000
37	97	0.00188000000000000
37	98	0.000128000000000000
37	100	4.09000000000000e-05
37	102	5.48000000000000e-06
37	105	0.000111000000000000
37	106	7.17000000000000e-05
37	107	5.51000000000000e-05
37	108	3.85000000000000e-05
37	109	1.27000000000000e-05
37	110	0.000106000000000000
37	111	1.76000000000000e-06
37	113	8.73000000000000e-05
37	114	5.30000000000000e-05
37	115	0.000149000000000000
37	118	0.000137000000000000
37	120	1.56000000000000e-07
37	122	1.45000000000000e-05
37	124	0.188000000000000
38	36	0.0759000000000000
38	45	0.00435000000000000
38	47	0.00822000000000000
38	54	0.00227000000000000
38	56	5.27000000000000e-05
38	57	0.00473000000000000
38	58	3.51000000000000e-07
38	61	0.00746000000000000
38	67	8.03000000000000e-05
38	68	0.0180000000000000
38	69	0.000315000000000000
38	78	2.11000000000000e-05
38	81	0.000367000000000000
38	82	0.000127000000000000
38	84	0.0419000000000000
38	85	0.000135000000000000
38	88	0.00206000000000000
38	89	2.54000000000000e-05
38	91	2.02000000000000e-05
38	96	0.000271000000000000
38	98	0.000608000000000000
38	100	2.06000000000000e-05
38	105	0.000279000000000000
38	106	0.000180000000000000
38	107	0.000138000000000000
38	108	9.64000000000000e-05
38	113	0.000219000000000000
38	114	7.96000000000000e-05
38	115	0.000223000000000000
38	122	7.29000000000000e-06
38	124	0.257000000000000
39	29	0.000727000000000000
39	30	8.47000000000000e-05
39	36	0.0190000000000000
39	45	0.000551000000000000
39	47	0.00115000000000000
39	49	0.0251000000000000
39	54	0.00556000000000000
39	56	6.67000000000000e-06
39	57	0.000524000000000000
39	58	5.29000000000000e-06
39	61	0.00389000000000000
39	67	1.02000000000000e-05
39	68	0.0119000000000000
39	69	0.00310000000000000
39	70	1.09000000000000e-06
39	73	8.24000000000000e-05
39	74	0.00128000000000000
39	75	2.83000000000000e-05
39	78	2.69000000000000e-06
39	81	0.00393000000000000
39	82	0.000448000000000000
39	83	1.48000000000000e-06
39	84	0.00251000000000000
39	85	1.87000000000000e-05
39	87	0.000817000000000000
39	88	0.000290000000000000
39	91	2.83000000000000e-06
39	93	0.000385000000000000
39	94	0.0147000000000000
39	95	0.000281000000000000
39	96	6.88000000000000e-05
39	98	0.00273000000000000
39	100	0.00102000000000000
39	124	0.0405000000000000
40	29	0.0270000000000000
40	30	0.000699000000000000
40	36	0.0189000000000000
40	44	0.160000000000000
40	47	0.0128000000000000
40	49	0.0393000000000000
40	52	0.00126000000000000
40	57	0.00250000000000000
40	58	2.44000000000000e-05
40	59	0.00834000000000000
40	62	2.98000000000000e-05
40	66	0.00226000000000000
40	67	0.000115000000000000
40	68	0.00365000000000000
40	69	0.00264000000000000
40	70	1.24000000000000e-05
40	72	0.00217000000000000
40	73	0.00526000000000000
40	74	0.00422000000000000
40	75	0.00181000000000000
40	81	0.000872000000000000
40	82	0.00343000000000000
40	83	1.13000000000000e-05
40	84	0.0230000000000000
40	85	0.00103000000000000
40	86	0.000486000000000000
40	87	9.49000000000000e-05
40	88	0.00243000000000000
40	91	2.16000000000000e-05
40	93	0.00322000000000000
40	94	0.00281000000000000
40	95	0.000287000000000000
40	96	0.000577000000000000
40	98	0.00129000000000000
40	100	0.00206000000000000
40	122	7.01000000000000e-06
40	124	0.163000000000000
41	29	0.00727000000000000
41	30	0.000941000000000000
41	36	0.0513000000000000
41	44	0.0303000000000000
41	47	0.00557000000000000
41	49	0.0204000000000000
41	57	0.00275000000000000
41	58	2.68000000000000e-05
41	59	0.00807000000000000
41	62	3.65000000000000e-05
41	66	0.00199000000000000
41	67	0.000210000000000000
41	68	0.00556000000000000
41	69	0.00431000000000000
41	70	2.25000000000000e-05
41	72	0.000306000000000000
41	73	0.00677000000000000
41	74	0.00611000000000000
41	75	0.00291000000000000
41	81	0.000961000000000000
41	82	0.00358000000000000
41	83	1.25000000000000e-05
41	84	0.0208000000000000
41	85	0.00114000000000000
41	86	0.000424000000000000
41	87	0.000104000000000000
41	88	0.00166000000000000
41	91	2.37000000000000e-05
41	93	0.00254000000000000
41	94	0.00309000000000000
41	95	0.000316000000000000
41	96	0.000635000000000000
41	98	0.000305000000000000
41	100	0.00104000000000000
41	122	9.43000000000000e-06
41	124	0.172000000000000
42	29	0.0160000000000000
42	30	0.00186000000000000
42	36	0.0743000000000000
42	47	0.0212000000000000
42	56	0.000136000000000000
42	57	0.00515000000000000
42	58	5.75000000000000e-06
42	59	0.0168000000000000
42	67	0.000207000000000000
42	69	0.000810000000000000
42	70	2.22000000000000e-05
42	72	0.000606000000000000
42	73	8.07000000000000e-05
42	74	0.00139000000000000
42	75	2.77000000000000e-05
42	78	5.43000000000000e-05
42	79	0.00301000000000000
42	81	0.00306000000000000
42	82	0.00831000000000000
42	83	2.74000000000000e-05
42	84	0.00102000000000000
42	85	0.00250000000000000
42	87	0.000115000000000000
42	88	0.00530000000000000
42	91	5.22000000000000e-05
42	93	0.00390000000000000
42	96	0.000698000000000000
42	100	5.30000000000000e-05
42	122	1.87000000000000e-05
42	124	0.174000000000000
43	29	0.0229000000000000
43	44	0.188000000000000
43	50	0.000266000000000000
43	51	0.00369000000000000
43	56	0.000194000000000000
43	57	0.00286000000000000
43	58	0.000177000000000000
43	59	0.0200000000000000
43	60	0.00159000000000000
43	61	0.000132000000000000
43	62	0.000954000000000000
43	63	0.00414000000000000
43	64	0.00128000000000000
43	66	0.00317000000000000
43	67	0.000296000000000000
43	68	0.0307000000000000
43	69	0.00116000000000000
43	70	6.97000000000000e-05
43	72	0.000125000000000000
43	73	0.000478000000000000
43	74	0.00294000000000000
43	75	0.000164000000000000
43	76	1.78000000000000e-05
43	77	0.000202000000000000
43	78	7.77000000000000e-05
43	79	0.00206000000000000
43	80	0.000635000000000000
43	81	0.000686000000000000
43	82	0.00327000000000000
43	83	1.67000000000000e-05
43	84	0.000102000000000000
43	85	0.00808000000000000
43	86	0.00197000000000000
43	87	0.000247000000000000
43	88	0.00379000000000000
43	93	0.00102000000000000
43	96	0.000979000000000000
43	98	0.00169000000000000
43	99	1.33000000000000e-05
43	100	0.000119000000000000
43	101	5.88000000000000e-07
43	102	1.00000000000000e-05
43	103	0.000971000000000000
43	104	0.000219000000000000
43	105	0.00102000000000000
43	106	0.000657000000000000
43	107	0.000504000000000000
43	108	0.000352000000000000
43	109	0.000234000000000000
43	110	0.000977000000000000
43	111	1.61000000000000e-05
43	113	0.000799000000000000
43	114	0.000291000000000000
43	115	0.000815000000000000
43	116	3.09000000000000e-06
43	117	0.000274000000000000
43	118	0.00151000000000000
43	120	1.71000000000000e-06
43	121	1.03000000000000e-05
43	122	2.67000000000000e-05
43	123	0.888000000000000
44	29	0.0113000000000000
44	50	0.00179000000000000
44	51	0.0248000000000000
44	53	2.12000000000000e-06
44	54	0.00413000000000000
44	56	9.59000000000000e-05
44	57	0.00283000000000000
44	58	0.000175000000000000
44	59	0.00990000000000000
44	60	0.00378000000000000
44	61	0.000286000000000000
44	62	0.000472000000000000
44	63	0.00205000000000000
44	64	0.000632000000000000
44	67	2.92000000000000e-05
44	68	0.00304000000000000
44	69	0.000669000000000000
44	70	3.44000000000000e-05
44	72	6.16000000000000e-05
44	73	0.000236000000000000
44	74	0.000727000000000000
44	75	8.12000000000000e-05
44	76	8.80000000000000e-06
44	77	0.000100000000000000
44	78	3.85000000000000e-05
44	79	0.00213000000000000
44	80	0.000657000000000000
44	81	0.000374000000000000
44	82	0.00529000000000000
44	83	1.25000000000000e-05
44	84	5.05000000000000e-05
44	85	0.00440000000000000
44	86	0.00424000000000000
44	87	0.000162000000000000
44	88	0.00305000000000000
44	93	0.000743000000000000
44	96	0.000790000000000000
44	98	0.00485000000000000
44	99	6.58000000000000e-06
44	100	7.77000000000000e-05
44	101	2.91000000000000e-07
44	102	4.96000000000000e-06
44	103	0.000481000000000000
44	104	0.000108000000000000
44	105	0.000505000000000000
44	106	0.000326000000000000
44	107	0.000250000000000000
44	108	0.000175000000000000
44	109	0.000116000000000000
44	110	0.000484000000000000
44	111	7.97000000000000e-06
44	113	0.000395000000000000
44	114	0.000144000000000000
44	115	0.000404000000000000
44	116	1.53000000000000e-06
44	117	0.000135000000000000
44	118	0.000745000000000000
44	120	8.48000000000000e-07
44	121	5.08000000000000e-06
44	122	1.32000000000000e-05
44	124	0.229000000000000
45	53	8.06000000000000e-05
45	54	0.00607000000000000
45	56	0.000141000000000000
45	57	0.00104000000000000
45	58	6.43000000000000e-05
45	59	0.00363000000000000
45	60	0.00242000000000000
45	61	0.000221000000000000
45	62	0.000693000000000000
45	63	0.00301000000000000
45	64	0.000927000000000000
45	68	0.00447000000000000
45	70	5.06000000000000e-05
45	72	2.49000000000000e-05
45	73	0.000347000000000000
45	74	0.00107000000000000
45	75	0.000119000000000000
45	76	1.43000000000000e-05
45	77	0.000148000000000000
45	78	5.64000000000000e-05
45	79	0.00344000000000000
45	80	0.00106000000000000
45	81	0.000499000000000000
45	82	0.00237000000000000
45	83	1.21000000000000e-05
45	84	8.15000000000000e-05
45	85	0.00587000000000000
45	86	0.00268000000000000
45	87	0.000394000000000000
45	88	0.00611000000000000
45	93	0.00149000000000000
45	96	0.00174000000000000
45	99	9.65000000000000e-06
45	100	6.06000000000000e-05
45	101	3.50000000000000e-07
45	102	5.97000000000000e-06
45	103	0.000579000000000000
45	104	0.000130000000000000
45	105	0.000608000000000000
45	106	0.000391000000000000
45	107	0.000300000000000000
45	108	0.000210000000000000
45	109	0.000140000000000000
45	110	0.000582000000000000
45	111	9.60000000000000e-06
45	113	0.000476000000000000
45	114	0.000173000000000000
45	115	0.000486000000000000
45	116	1.84000000000000e-06
45	117	0.000163000000000000
45	118	0.000897000000000000
45	120	1.02000000000000e-06
45	121	6.11000000000000e-06
45	122	1.59000000000000e-05
45	124	0.221000000000000
46	29	0.000222000000000000
46	56	2.60000000000000e-06
46	57	0.00123000000000000
46	58	7.62000000000000e-05
46	59	0.00215000000000000
46	60	3.58000000000000e-05
46	63	4.45000000000000e-05
46	64	1.37000000000000e-05
46	67	3.16000000000000e-06
46	68	0.000329000000000000
46	69	7.23000000000000e-05
46	70	7.45000000000000e-07
46	72	1.34000000000000e-05
46	73	2.53000000000000e-05
46	74	3.11000000000000e-05
46	75	8.67000000000000e-06
46	79	4.60000000000000e-05
46	80	1.42000000000000e-05
46	81	7.35000000000000e-06
46	82	3.50000000000000e-05
46	85	8.64000000000000e-05
46	86	1.99000000000000e-05
46	87	5.27000000000000e-06
46	88	9.00000000000000e-05
46	93	2.19000000000000e-05
46	96	2.33000000000000e-05
46	123	0.0195000000000000
47	52	0.000111000000000000
47	53	7.20000000000000e-06
47	54	0.000643000000000000
47	55	5.62000000000000e-05
47	56	1.49000000000000e-05
47	61	0.000157000000000000
47	76	1.37000000000000e-06
47	85	0.00180000000000000
47	88	0.000266000000000000
47	98	0.000496000000000000
47	101	4.52000000000000e-08
47	102	7.72000000000000e-07
47	107	3.89000000000000e-05
47	108	2.72000000000000e-05
47	113	6.16000000000000e-05
47	114	2.24000000000000e-05
47	115	6.28000000000000e-05
47	117	2.10000000000000e-05
47	118	0.000116000000000000
47	120	1.32000000000000e-07
47	124	0.0387000000000000
48	50	0.000554000000000000
48	51	0.00767000000000000
48	53	6.06000000000000e-06
48	54	0.000186000000000000
48	55	2.07000000000000e-05
48	56	0.00234000000000000
48	60	7.41000000000000e-05
48	61	0.000229000000000000
48	62	0.00489000000000000
48	63	9.22000000000000e-05
48	64	2.84000000000000e-05
48	68	0.00115000000000000
48	69	1.29000000000000e-05
48	70	5.15000000000000e-06
48	76	3.96000000000000e-07
48	78	1.73000000000000e-06
48	84	0.000945000000000000
48	88	0.000187000000000000
48	93	9.41000000000000e-05
48	97	7.77000000000000e-05
48	98	0.00609000000000000
48	107	1.67000000000000e-05
48	109	7.77000000000000e-06
48	110	3.25000000000000e-05
48	113	2.65000000000000e-05
48	114	9.67000000000000e-06
48	115	2.71000000000000e-05
48	117	9.08000000000000e-06
48	118	5.01000000000000e-05
48	120	5.69000000000000e-08
48	124	0.0174000000000000
49	44	0.0247000000000000
49	50	0.00898000000000000
49	51	0.124000000000000
49	52	2.31000000000000e-05
49	53	4.44000000000000e-05
49	54	0.00272000000000000
49	55	0.000336000000000000
49	56	7.00000000000000e-05
49	60	0.00120000000000000
49	61	0.00237000000000000
49	62	0.00493000000000000
49	63	0.00150000000000000
49	64	0.000461000000000000
49	68	0.0186000000000000
49	69	8.37000000000000e-05
49	70	8.36000000000000e-05
49	76	6.43000000000000e-06
49	78	2.80000000000000e-05
49	82	0.000823000000000000
49	83	6.03000000000000e-06
49	84	0.000509000000000000
49	85	0.00427000000000000
49	88	0.00125000000000000
49	93	0.00153000000000000
49	96	0.00346000000000000
49	97	0.00126000000000000
49	98	0.00340000000000000
49	100	2.74000000000000e-05
49	101	2.12000000000000e-07
49	102	3.62000000000000e-06
49	105	0.000369000000000000
49	106	0.000237000000000000
49	107	0.000182000000000000
49	108	0.000128000000000000
49	109	8.45000000000000e-05
49	110	0.000354000000000000
49	111	5.83000000000000e-06
49	113	0.000289000000000000
49	114	0.000105000000000000
49	115	0.000295000000000000
49	116	1.11000000000000e-06
49	117	9.88000000000000e-05
49	118	0.000544000000000000
49	120	6.20000000000000e-07
49	122	9.65000000000000e-06
49	124	0.146000000000000
50	53	0.000449000000000000
50	54	8.00000000000000e-05
50	55	8.90000000000000e-06
50	60	3.17000000000000e-05
50	61	9.86000000000000e-05
50	62	0.000130000000000000
50	63	3.93000000000000e-05
50	64	1.21000000000000e-05
50	70	2.20000000000000e-06
50	76	1.69000000000000e-07
50	78	7.39000000000000e-07
50	88	3.66000000000000e-05
50	97	3.32000000000000e-05
50	98	0.00141000000000000
50	114	2.77000000000000e-06
50	124	0.00272000000000000
51	53	0.000227000000000000
51	54	0.000510000000000000
51	55	7.24000000000000e-05
51	56	1.18000000000000e-05
51	60	0.000203000000000000
51	61	0.000629000000000000
51	62	0.000833000000000000
51	63	0.000253000000000000
51	64	7.79000000000000e-05
51	70	1.41000000000000e-05
51	76	1.09000000000000e-06
51	78	4.75000000000000e-06
51	88	0.000211000000000000
51	97	0.000213000000000000
51	98	0.00341000000000000
51	101	8.23000000000000e-08
51	102	1.40000000000000e-06
51	107	7.05000000000000e-05
51	108	4.93000000000000e-05
51	109	3.27000000000000e-05
51	110	0.000136000000000000
51	111	2.25000000000000e-06
51	113	0.000112000000000000
51	114	4.07000000000000e-05
51	115	0.000114000000000000
51	116	4.33000000000000e-07
51	117	3.82000000000000e-05
51	118	0.000211000000000000
51	120	2.40000000000000e-07
51	124	0.0375000000000000
52	53	1.51000000000000e-05
52	55	2.00000000000000e-06
52	61	2.21000000000000e-05
52	76	4.00000000000000e-08
52	88	8.63000000000000e-06
52	98	6.71000000000000e-07
52	124	0.000665000000000000
53	123	0.000754000000000000
54	112	7.59000000000000e-05
54	123	0.0166000000000000
54	124	0.0332000000000000
55	92	6.15000000000000e-05
55	112	3.89000000000000e-06
55	117	2.91000000000000e-05
55	123	0.000602000000000000
56	92	4.65000000000000e-05
56	123	0.00140000000000000
57	53	8.85000000000000e-06
57	55	2.41000000000000e-05
57	66	0.000825000000000000
57	70	2.29000000000000e-05
57	76	4.63000000000000e-07
57	77	3.95000000000000e-05
57	78	2.02000000000000e-06
57	79	0.000111000000000000
57	80	3.45000000000000e-05
57	86	0.000242000000000000
57	90	1.81000000000000e-06
57	92	0.00570000000000000
57	99	2.60000000000000e-06
57	101	5.41000000000000e-07
57	102	1.06000000000000e-05
57	103	0.00188000000000000
57	104	0.000362000000000000
57	105	0.000386000000000000
57	106	0.000235000000000000
57	107	0.000103000000000000
57	108	0.000134000000000000
57	111	2.35000000000000e-05
57	113	3.81000000000000e-05
57	114	6.23000000000000e-06
57	115	5.32000000000000e-05
57	116	1.22000000000000e-06
57	121	0.000102000000000000
57	123	0.0181000000000000
58	53	1.38000000000000e-07
58	55	3.76000000000000e-07
58	66	1.29000000000000e-05
58	70	3.56000000000000e-07
58	77	6.15000000000000e-07
58	78	3.14000000000000e-08
58	79	1.80000000000000e-06
58	80	5.55000000000000e-07
58	86	3.76000000000000e-06
58	90	2.82000000000000e-08
58	92	8.88000000000000e-06
58	99	4.04000000000000e-08
58	123	0.000931000000000000
59	53	4.50000000000000e-05
59	55	0.000119000000000000
59	60	0.00191000000000000
59	62	0.00400000000000000
59	66	0.00824000000000000
59	70	0.000113000000000000
59	76	3.30000000000000e-05
59	77	0.000194000000000000
59	78	9.90000000000000e-06
59	79	0.000602000000000000
59	80	0.000186000000000000
59	85	0.00248000000000000
59	86	0.00333000000000000
59	87	6.91000000000000e-05
59	90	0.000112000000000000
59	92	0.00279000000000000
59	99	0.000521000000000000
59	101	1.33000000000000e-06
59	102	5.15000000000000e-05
59	103	0.00923000000000000
59	104	0.000591000000000000
59	105	0.00379000000000000
59	106	0.00115000000000000
59	107	0.000504000000000000
59	108	0.000655000000000000
59	111	5.77000000000000e-05
59	113	0.000187000000000000
59	114	3.05000000000000e-05
59	115	0.000261000000000000
59	116	5.95000000000000e-06
59	121	0.000333000000000000
59	123	0.0316000000000000
60	62	0.000576000000000000
60	86	0.000319000000000000
60	101	1.87000000000000e-07
60	102	1.82000000000000e-06
60	103	0.000649000000000000
60	104	0.000124000000000000
60	111	8.11000000000000e-06
60	112	1.17000000000000e-05
60	117	2.19000000000000e-05
60	123	0.00888000000000000
61	34	0.00687000000000000
61	53	1.42000000000000e-05
61	55	2.27000000000000e-05
61	87	1.20000000000000e-05
61	105	0.000493000000000000
61	112	2.16000000000000e-05
61	117	8.09000000000000e-05
61	121	6.50000000000000e-05
61	123	0.0128000000000000
62	53	0.000521000000000000
62	56	1.39000000000000e-05
62	60	0.000239000000000000
62	63	0.000297000000000000
62	64	1.16000000000000e-05
62	76	1.28000000000000e-06
62	78	1.86000000000000e-06
62	101	1.27000000000000e-07
62	103	0.000884000000000000
62	104	0.000114000000000000
62	105	0.000363000000000000
62	111	5.53000000000000e-06
62	112	1.60000000000000e-05
62	117	5.96000000000000e-05
62	121	4.79000000000000e-05
62	124	0.0103000000000000
63	53	0.00286000000000000
63	56	4.52000000000000e-06
63	60	7.76000000000000e-05
63	61	0.000495000000000000
63	76	4.15000000000000e-07
63	79	9.99000000000000e-05
63	80	3.09000000000000e-05
63	86	0.000217000000000000
63	87	1.15000000000000e-05
63	96	0.000430000000000000
63	100	1.05000000000000e-05
63	101	1.44000000000000e-07
63	102	1.39000000000000e-06
63	103	0.000997000000000000
63	104	9.61000000000000e-05
63	106	6.23000000000000e-05
63	108	3.54000000000000e-05
63	111	6.23000000000000e-06
63	112	8.98000000000000e-06
63	117	3.36000000000000e-05
63	121	4.50000000000000e-05
63	124	0.00326000000000000
64	53	4.39000000000000e-06
64	56	2.50000000000000e-06
64	61	0.000409000000000000
64	76	2.30000000000000e-07
64	87	6.36000000000000e-06
64	96	0.000435000000000000
64	100	9.83000000000000e-07
64	112	3.90000000000000e-06
64	117	1.46000000000000e-05
64	124	0.00161000000000000
65	66	7.42000000000000e-05
65	77	2.13000000000000e-05
65	90	9.79000000000000e-07
65	92	0.000307000000000000
65	99	1.40000000000000e-06
65	101	2.05000000000000e-07
65	102	1.99000000000000e-06
65	103	0.000713000000000000
65	104	0.000137000000000000
65	111	8.91000000000000e-06
65	112	2.57000000000000e-05
65	117	4.81000000000000e-05
65	123	0.00477000000000000
66	77	7.79000000000000e-05
66	90	3.57000000000000e-06
66	92	0.00112000000000000
66	99	5.11000000000000e-06
66	101	4.33000000000000e-07
66	102	4.21000000000000e-06
66	103	0.000754000000000000
66	104	0.000193000000000000
66	105	0.000310000000000000
66	111	1.88000000000000e-05
66	112	2.72000000000000e-05
66	117	5.08000000000000e-05
66	121	2.73000000000000e-05
66	123	0.0136000000000000
67	29	1.82000000000000e-05
67	53	2.37000000000000e-06
67	55	4.13000000000000e-06
67	66	6.98000000000000e-05
67	79	1.89000000000000e-05
67	80	5.84000000000000e-06
67	86	4.09000000000000e-05
67	87	2.17000000000000e-06
67	92	0.000117000000000000
67	106	2.17000000000000e-05
67	123	0.000771000000000000
68	29	0.000668000000000000
68	53	4.87000000000000e-05
68	55	0.000149000000000000
68	60	1.08000000000000e-05
68	62	0.00268000000000000
68	63	0.00297000000000000
68	64	0.000101000000000000
68	66	0.00253000000000000
68	76	2.83000000000000e-06
68	77	0.000242000000000000
68	78	6.19000000000000e-06
68	79	0.000685000000000000
68	80	0.000212000000000000
68	85	0.00310000000000000
68	86	0.00345000000000000
68	87	7.85000000000000e-05
68	90	1.11000000000000e-05
68	92	0.00349000000000000
68	99	1.58000000000000e-05
68	100	1.32000000000000e-05
68	101	1.66000000000000e-06
68	102	6.45000000000000e-05
68	103	0.00607000000000000
68	104	0.00148000000000000
68	105	0.00237000000000000
68	106	0.00289000000000000
68	107	0.00126000000000000
68	108	0.00164000000000000
68	109	4.16000000000000e-05
68	110	9.94000000000000e-05
68	111	7.21000000000000e-05
68	113	0.000466000000000000
68	114	7.64000000000000e-05
68	115	0.000652000000000000
68	116	1.49000000000000e-05
68	118	6.49000000000000e-05
68	121	0.000209000000000000
68	123	0.0500000000000000
69	53	1.34000000000000e-05
69	55	3.38000000000000e-05
69	62	0.000611000000000000
69	66	7.55000000000000e-05
69	76	6.47000000000000e-07
69	77	5.52000000000000e-05
69	78	2.82000000000000e-06
69	79	0.000157000000000000
69	80	4.83000000000000e-05
69	85	0.000750000000000000
69	86	0.000338000000000000
69	87	1.79000000000000e-05
69	90	2.53000000000000e-06
69	92	0.000796000000000000
69	99	3.63000000000000e-06
69	101	3.78000000000000e-07
69	102	1.47000000000000e-05
69	103	0.000439000000000000
69	104	0.000168000000000000
69	105	0.000360000000000000
69	106	0.000659000000000000
69	107	0.000288000000000000
69	108	0.000374000000000000
69	109	9.49000000000000e-06
69	110	2.27000000000000e-05
69	111	1.64000000000000e-05
69	113	0.000106000000000000
69	114	1.74000000000000e-05
69	115	0.000149000000000000
69	116	3.39000000000000e-06
69	118	1.48000000000000e-05
69	121	4.75000000000000e-05
69	123	0.0134000000000000
70	117	4.47000000000000e-06
70	121	3.59000000000000e-06
70	123	0.000108000000000000
71	76	5.02000000000000e-08
71	79	1.21000000000000e-05
71	80	3.74000000000000e-06
71	82	0.000216000000000000
71	85	5.50000000000000e-05
71	92	6.18000000000000e-05
71	102	7.33000000000000e-07
71	106	3.28000000000000e-05
71	107	1.44000000000000e-05
71	108	1.87000000000000e-05
71	116	1.70000000000000e-07
71	123	0.00125000000000000
72	34	0.00295000000000000
72	55	1.41000000000000e-05
72	66	0.000582000000000000
72	76	2.83000000000000e-07
72	77	2.42000000000000e-05
72	78	2.47000000000000e-06
72	90	1.11000000000000e-06
72	92	0.000349000000000000
72	99	1.58000000000000e-06
72	101	1.16000000000000e-07
72	102	4.51000000000000e-06
72	103	0.000202000000000000
72	104	0.000104000000000000
72	105	0.000110000000000000
72	106	0.000202000000000000
72	107	8.84000000000000e-05
72	108	0.000115000000000000
72	111	5.05000000000000e-06
72	113	3.27000000000000e-05
72	114	5.35000000000000e-06
72	115	4.57000000000000e-05
72	116	1.04000000000000e-06
72	121	4.38000000000000e-05
72	123	0.00544000000000000
73	55	4.70000000000000e-06
73	76	2.65000000000000e-07
73	79	9.29000000000000e-05
73	80	1.98000000000000e-05
73	85	0.000291000000000000
73	101	1.55000000000000e-07
73	102	6.02000000000000e-06
73	103	0.00108000000000000
73	104	0.000208000000000000
73	105	0.000221000000000000
73	106	0.000270000000000000
73	107	0.000118000000000000
73	108	0.000153000000000000
73	111	6.74000000000000e-06
73	113	4.37000000000000e-05
73	114	7.14000000000000e-06
73	115	6.10000000000000e-05
73	116	1.39000000000000e-06
73	121	1.95000000000000e-05
73	123	0.00700000000000000
74	55	2.03000000000000e-05
74	76	3.88000000000000e-07
74	79	0.000124000000000000
74	80	2.89000000000000e-05
74	85	0.000424000000000000
74	101	2.27000000000000e-07
74	102	8.81000000000000e-06
74	103	0.000790000000000000
74	104	0.000101000000000000
74	105	0.000648000000000000
74	106	0.000395000000000000
74	107	0.000173000000000000
74	108	0.000224000000000000
74	110	1.36000000000000e-05
74	111	9.87000000000000e-06
74	113	6.39000000000000e-05
74	114	1.04000000000000e-05
74	115	8.92000000000000e-05
74	116	2.04000000000000e-06
74	121	2.85000000000000e-05
74	123	0.0111000000000000
75	55	5.14000000000000e-06
75	76	9.95000000000000e-08
75	79	0.000340000000000000
75	80	7.42000000000000e-06
75	85	0.000109000000000000
75	101	5.82000000000000e-08
75	102	2.26000000000000e-06
75	104	2.60000000000000e-05
75	106	0.000101000000000000
75	107	4.43000000000000e-05
75	108	5.76000000000000e-05
75	111	2.53000000000000e-06
75	113	1.64000000000000e-05
75	114	2.68000000000000e-06
75	115	2.29000000000000e-05
75	116	5.23000000000000e-07
75	123	0.00216000000000000
76	123	1.14000000000000e-05
77	112	3.30000000000000e-06
77	117	1.23000000000000e-05
77	121	8.26000000000000e-06
77	123	0.000948000000000000
78	117	7.43000000000000e-06
78	123	0.000305000000000000
79	55	4.95000000000000e-06
79	92	0.000350000000000000
79	101	1.96000000000000e-07
79	102	3.80000000000000e-06
79	103	0.000340000000000000
79	104	0.000175000000000000
79	105	0.000186000000000000
79	111	8.51000000000000e-06
79	112	2.45000000000000e-05
79	117	2.30000000000000e-05
79	121	2.46000000000000e-05
79	123	0.00770000000000000
80	112	6.40000000000000e-06
80	117	2.39000000000000e-05
80	123	0.00198000000000000
81	53	8.40000000000000e-06
81	55	5.66000000000000e-05
81	76	5.23000000000000e-07
81	77	4.47000000000000e-05
81	78	2.28000000000000e-06
81	79	0.000106000000000000
81	80	3.27000000000000e-05
81	82	0.000388000000000000
81	85	0.000481000000000000
81	86	0.000229000000000000
81	87	1.21000000000000e-05
81	92	0.000541000000000000
81	100	2.06000000000000e-06
81	101	5.14000000000000e-07
81	102	1.00000000000000e-05
81	105	0.000367000000000000
81	106	0.000448000000000000
81	107	0.000195000000000000
81	108	0.000255000000000000
81	110	1.54000000000000e-05
81	111	2.23000000000000e-05
81	112	3.23000000000000e-05
81	113	7.24000000000000e-05
81	114	1.19000000000000e-05
81	115	0.000101000000000000
81	116	2.31000000000000e-06
81	117	6.03000000000000e-05
81	118	1.00000000000000e-05
81	121	0.000161000000000000
81	123	0.0176000000000000
81	124	0.00876000000000000
82	53	2.16000000000000e-05
82	55	5.65000000000000e-05
82	76	2.17000000000000e-07
82	101	1.10000000000000e-06
82	102	1.07000000000000e-05
82	103	0.00191000000000000
82	104	0.000736000000000000
82	105	0.000523000000000000
82	111	4.79000000000000e-05
82	112	6.90000000000000e-05
82	117	8.60000000000000e-05
82	121	0.000346000000000000
82	123	0.0461000000000000
83	55	4.13000000000000e-06
83	123	8.59000000000000e-05
84	53	4.21000000000000e-05
84	55	0.000115000000000000
84	62	0.00187000000000000
84	76	2.20000000000000e-06
84	77	0.000188000000000000
84	78	1.92000000000000e-06
84	79	0.000532000000000000
84	80	0.000164000000000000
84	92	0.00271000000000000
84	99	1.24000000000000e-05
84	101	2.58000000000000e-06
84	102	2.50000000000000e-05
84	103	0.00448000000000000
84	104	0.00172000000000000
84	105	0.00123000000000000
84	106	0.00112000000000000
84	108	0.000637000000000000
84	111	0.000112000000000000
84	112	0.000161000000000000
84	117	0.000151000000000000
84	121	0.000323000000000000
84	123	0.108000000000000
85	55	1.74000000000000e-05
85	92	0.00123000000000000
85	101	8.91000000000000e-07
85	102	8.66000000000000e-06
85	103	0.00155000000000000
85	104	0.000597000000000000
85	105	0.000424000000000000
85	111	3.88000000000000e-05
85	112	5.59000000000000e-05
85	117	4.18000000000000e-05
85	121	0.000168000000000000
85	123	0.0308000000000000
86	92	0.000628000000000000
86	101	2.31000000000000e-07
86	111	1.00000000000000e-05
86	112	5.77000000000000e-05
86	117	0.000216000000000000
86	121	5.78000000000000e-05
86	123	0.0147000000000000
87	112	2.88000000000000e-06
87	117	1.08000000000000e-05
87	123	0.00134000000000000
88	112	4.41000000000000e-05
88	117	0.000659000000000000
88	121	0.000132000000000000
88	123	0.0158000000000000
89	55	3.88000000000000e-06
89	92	9.18000000000000e-05
89	99	4.18000000000000e-07
89	101	8.75000000000000e-08
89	102	8.50000000000000e-07
89	103	0.000619000000000000
89	104	5.85000000000000e-05
89	111	3.80000000000000e-06
89	112	5.49000000000000e-06
89	117	8.21000000000000e-05
89	121	2.74000000000000e-05
89	123	0.00222000000000000
90	123	3.29000000000000e-05
91	53	1.83000000000000e-05
91	55	0.000200000000000000
91	76	2.39000000000000e-07
91	82	0.000404000000000000
91	85	0.00105000000000000
91	92	0.000197000000000000
91	112	7.80000000000000e-06
91	117	2.92000000000000e-05
91	121	3.91000000000000e-05
91	123	0.00408000000000000
91	124	0.00204000000000000
92	112	6.06000000000000e-05
92	117	0.000226000000000000
92	121	3.03000000000000e-05
92	123	0.0110000000000000
93	29	5.62000000000000e-05
93	53	4.60000000000000e-06
93	56	2.62000000000000e-06
93	60	4.51000000000000e-05
93	63	5.04000000000000e-05
93	64	1.55000000000000e-05
93	76	2.41000000000000e-07
93	78	1.05000000000000e-06
93	85	0.000265000000000000
93	92	0.000296000000000000
93	96	0.000415000000000000
93	100	1.13000000000000e-06
93	101	1.41000000000000e-07
93	102	5.47000000000000e-06
93	103	0.000245000000000000
93	104	6.28000000000000e-05
93	105	0.000202000000000000
93	106	0.000245000000000000
93	107	0.000107000000000000
93	108	0.000139000000000000
93	111	6.13000000000000e-06
93	113	3.97000000000000e-05
93	114	6.49000000000000e-06
93	115	5.54000000000000e-05
93	116	1.26000000000000e-06
93	121	1.77000000000000e-05
93	123	0.00643000000000000
94	56	1.66000000000000e-05
94	60	0.000285000000000000
94	62	0.00144000000000000
94	63	0.000319000000000000
94	64	9.85000000000000e-05
94	70	9.76000000000000e-06
94	76	1.52000000000000e-06
94	78	6.66000000000000e-06
94	79	0.000368000000000000
94	80	0.000114000000000000
94	85	0.00167000000000000
94	86	0.000797000000000000
94	87	4.22000000000000e-05
94	92	0.00282000000000000
94	96	0.00263000000000000
94	101	8.92000000000000e-07
94	102	3.46000000000000e-05
94	103	0.00103000000000000
94	104	0.000398000000000000
94	105	0.000849000000000000
94	106	0.00155000000000000
94	107	0.000679000000000000
94	108	0.000883000000000000
94	109	2.24000000000000e-05
94	110	5.36000000000000e-05
94	111	3.88000000000000e-05
94	113	0.000252000000000000
94	114	4.11000000000000e-05
94	115	0.000351000000000000
94	116	8.01000000000000e-06
94	118	3.49000000000000e-05
94	121	0.000112000000000000
94	123	0.0156000000000000
94	124	0.0156000000000000
95	29	4.57000000000000e-05
95	56	2.14000000000000e-06
95	60	0.000283000000000000
95	62	0.000185000000000000
95	63	4.10000000000000e-05
95	64	1.26000000000000e-05
95	70	7.50000000000000e-05
95	76	1.96000000000000e-07
95	78	8.56000000000000e-07
95	79	6.17000000000000e-05
95	80	1.91000000000000e-05
95	85	0.000215000000000000
95	86	0.000103000000000000
95	87	5.42000000000000e-06
95	92	0.00106000000000000
95	96	0.000440000000000000
95	101	1.07000000000000e-07
95	102	4.16000000000000e-06
95	103	0.000124000000000000
95	104	4.77000000000000e-05
95	105	0.000102000000000000
95	106	0.000186000000000000
95	107	8.14000000000000e-05
95	108	0.000105000000000000
95	111	4.65000000000000e-06
95	113	3.01000000000000e-05
95	114	4.93000000000000e-06
95	115	4.21000000000000e-05
95	116	9.59000000000000e-07
95	123	0.000823000000000000
95	124	0.000823000000000000
96	34	0.00197000000000000
96	55	2.08000000000000e-05
96	60	7.47000000000000e-05
96	76	4.01000000000000e-07
96	100	1.87000000000000e-06
96	101	4.05000000000000e-07
96	102	7.87000000000000e-06
96	103	0.00141000000000000
96	104	0.000271000000000000
96	105	0.000289000000000000
96	111	1.76000000000000e-05
96	112	5.08000000000000e-05
96	117	9.50000000000000e-05
96	121	2.54000000000000e-05
96	123	0.00291000000000000
96	124	0.00524000000000000
97	55	4.65000000000000e-05
97	62	0.000840000000000000
97	85	0.000972000000000000
97	87	2.46000000000000e-05
97	92	0.00109000000000000
97	99	4.98000000000000e-06
97	101	3.47000000000000e-07
97	102	6.75000000000000e-06
97	103	0.00242000000000000
97	104	0.000309000000000000
97	105	0.000992000000000000
97	111	1.51000000000000e-05
97	112	4.35000000000000e-05
97	117	0.000163000000000000
97	121	0.000131000000000000
97	123	0.0142000000000000
98	90	3.66000000000000e-06
98	92	0.00115000000000000
98	99	5.24000000000000e-06
98	101	2.74000000000000e-07
98	102	5.32000000000000e-06
98	103	0.000953000000000000
98	104	0.000122000000000000
98	105	0.000782000000000000
98	111	1.19000000000000e-05
98	112	3.43000000000000e-05
98	117	0.000256000000000000
98	121	3.44000000000000e-05
98	123	0.00241000000000000
99	55	3.28000000000000e-06
99	66	7.48000000000000e-05
99	77	1.18000000000000e-06
99	90	5.39000000000000e-08
99	92	1.40000000000000e-05
99	103	0.000103000000000000
99	105	5.65000000000000e-05
99	117	9.29000000000000e-06
99	121	2.49000000000000e-06
99	123	4.39000000000000e-05
100	53	3.60000000000000e-06
100	55	6.42000000000000e-07
100	60	1.04000000000000e-05
100	62	5.30000000000000e-05
100	70	2.77000000000000e-06
100	76	2.46000000000000e-07
100	78	1.08000000000000e-06
100	79	5.96000000000000e-05
100	80	1.84000000000000e-05
100	85	0.000243000000000000
100	86	0.000116000000000000
100	87	6.83000000000000e-06
100	92	6.96000000000000e-05
100	96	0.000387000000000000
100	101	1.94000000000000e-07
100	102	3.77000000000000e-06
100	103	0.000338000000000000
100	104	0.000130000000000000
100	105	9.25000000000000e-05
100	106	8.46000000000000e-05
100	107	3.70000000000000e-05
100	108	4.81000000000000e-05
100	111	8.46000000000000e-06
100	112	1.22000000000000e-05
100	113	1.37000000000000e-05
100	114	2.24000000000000e-06
100	115	1.91000000000000e-05
100	116	4.37000000000000e-07
100	117	1.14000000000000e-05
100	121	2.45000000000000e-05
100	123	0.000200000000000000
100	124	0.000200000000000000
101	123	3.10000000000000e-06
102	123	7.29000000000000e-05
103	112	5.45000000000000e-05
103	123	0.0104000000000000
104	112	1.22000000000000e-05
104	123	0.00188000000000000
105	112	2.64000000000000e-05
105	117	2.04000000000000e-05
105	123	0.00406000000000000
106	112	1.69000000000000e-05
106	117	1.30000000000000e-05
106	123	0.00260000000000000
107	112	8.01000000000000e-06
107	123	0.00123000000000000
108	112	9.59000000000000e-06
108	123	0.00147000000000000
109	112	4.64000000000000e-06
109	123	0.00116000000000000
110	112	9.31000000000000e-06
110	123	0.00181000000000000
111	123	0.000141000000000000
112	123	0.000220000000000000
113	112	6.48000000000000e-06
113	123	0.000996000000000000
114	112	2.14000000000000e-06
114	123	0.000328000000000000
115	112	7.75000000000000e-06
115	123	0.00119000000000000
116	123	1.06000000000000e-05
117	123	0.00232000000000000
118	117	2.31000000000000e-05
118	123	0.00518000000000000
119	117	1.16000000000000e-05
119	123	0.00258000000000000
120	123	1.84000000000000e-05
121	123	0.000558000000000000
122	123	0.000790000000000000
123	16	221
123	17	7.42000000000000
123	18	0.120000000000000
123	19	0.576000000000000
123	20	0.0104000000000000
123	21	0.755000000000000
123	22	0.00615000000000000
123	23	0.409000000000000
123	27	0.0891000000000000
123	31	0.348000000000000
123	37	0.181000000000000
123	124	123
124	24	182
124	25	10.9000000000000
124	26	83.1000000000000
124	30	0.131000000000000
124	32	0.235000000000000
124	35	1.20000000000000
124	36	0.139000000000000
124	38	0.390000000000000
124	39	0.0542000000000000
124	40	0.171000000000000
124	41	0.138000000000000
124	44	0.0275000000000000
124	45	0.394000000000000
124	48	0.0239000000000000
124	49	0.217000000000000
124	50	0.000682000000000000
124	51	0.00945000000000000
124	61	0.00111000000000000
124	91	0.00517000000000000
125	15	166