95	1	156.0
95	2	583.0
95	3	720.0
95	4	30.0
95	5	30.0
95	12	0.000235
95	60	1.07e-05
95	61	0.000974
95	62	0.000376
95	63	0.0973
95	64	0.048
95	65	0.422
95	66	0.000279
95	67	0.000325
95	68	2.48e-05
95	69	0.000392
95	70	3.39e-05
95	71	8.75e-05
95	72	0.000215
95	73	8.66e-05
95	74	0.000503
95	75	7.29e-07
95	76	1.24e-05
95	77	8.28e-06
95	78	2.91e-05
95	79	1.42e-05
95	93	0.68
95	94	11.4
1	96	16.02434
2	96	34.03946
3	96	88.58084
4	96	2.999548
5	96	2.999542
21	96	0.005991169
24	96	9.946571e-05
28	96	0.005316888
29	96	0.07300512
45	96	6.364829e-05
48	96	2.673691e-05
50	96	0.0001065123
60	96	2.514661e-06
61	96	0.0002419418
62	96	9.304198e-05
63	96	0.006834738
64	96	0.003366406
65	96	0.02966812
66	96	7.587904e-05
67	96	7.156905e-05
68	96	6.059201e-06
69	96	9.096786e-05
70	96	7.809236e-06
71	96	2.137464e-05
72	96	4.336813e-05
73	96	1.622578e-05
74	96	0.0001046836
75	96	2.34136e-07
76	96	2.863524e-06
77	96	3.243984e-06
78	96	8.940292e-06
79	96	2.484842e-06
93	96	16.9898
94	96	45.22541
1	97	78.11864
2	97	291.3377
3	97	362.3761
6	97	10.41848
7	97	0.4494837
8	97	284.0526
9	97	67.382
10	97	70.09789
11	97	34.14217
12	97	0.05943026
13	97	0.1553021
14	97	0.07212782
15	97	0.729495
16	97	0.06182208
17	97	0.006303201
18	97	0.5159327
19	97	0.02242624
20	97	0.01315847
21	97	0.05921272
22	97	0.5110163
23	97	0.555119
24	97	0.003192849
25	97	0.9532855
26	97	0.1587633
27	97	0.02590664
28	97	0.0599745
29	97	0.6382733
30	97	0.009675662
31	97	0.394884
32	97	0.00457247
33	97	0.0002834476
34	97	1.222685e-06
35	97	0.0005172558
36	97	0.00102368
37	97	0.01171248
38	97	0.001237177
39	97	0.03513398
40	97	0.001730651
41	97	0.00152945
42	97	0.005087412
43	97	0.0003285465
44	97	0.00145661
45	97	0.00565001
46	97	0.00650193
47	97	0.003072933
48	97	0.0004834034
49	97	0.02518721
50	97	0.03248626
51	97	0.03555442
52	97	0.001013698
53	97	0.001186705
54	97	0.001954412
55	97	0.003027569
56	97	0.002715256
57	97	0.003206932
58	97	0.00354215
59	97	0.004239159
60	97	3.367089e-05
61	97	0.003081232
62	97	0.00118869
63	97	0.07322934
64	97	0.03604735
65	97	0.3175883
66	97	0.0006941098
67	97	0.0008698839
68	97	7.709773e-05
69	97	0.001224161
70	97	0.0001047171
71	97	0.0002711708
72	97	0.0006079282
73	97	0.000230366
74	97	0.00146557
75	97	2.00688e-06
76	97	3.83545e-05
77	97	1.982999e-05
78	97	5.999151e-05
79	97	3.663923e-05
80	97	0.02561867
81	97	0.001530788
82	97	0.01203313
83	97	0.01667491
84	97	0.0002683796
85	97	0.0005558863
86	97	0.01346563
87	97	0.02033737
88	97	0.0003541028
89	97	0.01071453
90	97	7.708418e-05
91	97	0.0001634686
92	97	120.553
1	6	2.674062
1	7	0.4606997
1	11	13.01977
1	12	0.002583925
1	13	0.02453727
1	17	0.003685598
1	29	0.1362069
1	30	0.004536891
1	39	0.001131719
1	40	0.0001782708
1	45	0.0004617012
1	92	40.06084
1	94	5.468306
2	6	2.673098
2	9	24.22808
2	10	24.22808
2	11	14.41671
2	14	0.01221416
2	15	0.4325013
2	16	0.01091265
2	18	0.1862158
2	19	0.02823272
2	20	0.04174839
2	21	0.01321532
2	22	0.1461694
2	23	0.04585315
2	25	0.1772054
2	26	0.0156181
2	27	0.02482878
2	29	0.393456
2	30	0.004905686
2	31	0.2262622
2	39	0.0137159
2	40	0.00100116
2	42	0.0002613029
2	45	0.0001982298
2	47	0.0003794398
2	51	0.005236069
2	52	0.0005346196
2	53	0.0004144804
2	55	0.001882182
2	66	0.0006107079
2	67	0.0003604177
2	75	3.283806e-07
2	77	7.458645e-06
2	78	3.504062e-05
2	80	0.01461694
2	81	0.002552959
2	82	0.01691961
2	83	0.01581833
2	85	0.0006887983
2	86	0.005636533
2	89	0.01601857
2	91	0.00018121
2	92	135.1567
2	93	22.02553
2	94	33.03829
3	15	0.001660891
3	26	0.1489769
3	31	0.125825
3	55	0.001519967
3	82	0.001892409
3	89	0.0008485641
3	92	243.5973
3	93	25.16501
4	31	0.003059539
4	55	0.00145978
4	92	26.99593
5	31	0.003119524
5	55	0.001459777
5	92	26.99588
6	7	0.4840913
6	12	0.01589082
6	13	0.003009785
6	14	0.0003430734
6	17	0.0004514677
6	29	0.1557511
6	30	0.002399409
6	92	2.483598
6	93	2.483598
7	12	0.002033378
7	13	0.000962109
7	14	0.0001091603
7	21	4.334307e-05
7	22	0.06870679
7	23	0.02729008
7	25	0.1894253
7	29	0.04976426
7	30	0.0007662626
7	36	0.0002664796
7	37	0.004955022
7	39	0.003092876
7	41	0.0004152373
7	42	0.0007095421
7	45	0.001057357
7	46	0.0002547074
7	49	0.01005987
7	50	0.01316345
7	53	0.0003242704
7	54	0.0003510253
7	93	0.6100135
8	9	64.21618
8	10	57.41921
8	11	59.95539
8	12	0.01531855
8	14	0.01653592
8	15	0.1166645
8	16	0.007375224
8	18	0.06025974
8	19	0.004879619
8	20	0.007233197
8	23	0.04139053
8	27	0.005041934
8	29	0.02657921
8	30	0.001075342
8	52	0.0007223053
8	92	40.57895
9	10	16.82017
9	11	10.94324
9	14	0.006140374
9	15	0.04336766
9	16	0.00273581
9	18	0.01509762
9	19	0.0001813741
9	20	0.0002675015
9	29	0.009879315
9	30	0.0004002389
9	52	0.0002675015
9	92	38.09869
10	11	11.38432
10	14	0.006387868
10	15	0.04511564
10	16	0.00284608
10	18	0.01570614
10	19	0.000203442
10	20	0.0002761752
10	29	0.01027751
10	30	0.0005681618
10	52	0.0002782834
10	92	43.85071
11	14	0.03546315
11	15	0.06279721
11	16	0.01056782
11	18	0.2489534
11	19	0.001087266
11	20	0.001605495
11	23	0.0851522
11	24	0.001442913
11	25	0.0418648
11	27	0.002022111
11	29	0.02855343
11	30	0.001575011
11	39	0.004074706
11	47	0.0003932447
11	50	0.001961143
11	52	0.001544527
11	92	93.89098
12	13	7.459522e-06
12	21	6.47585e-05
12	22	0.0005338477
12	36	2.069813e-05
12	37	0.0003842474
12	39	0.0005215518
12	41	3.453103e-06
12	42	5.358971e-06
12	49	4.84664e-05
12	50	9.150212e-05
12	54	2.735841e-06
12	93	0.03996173
13	25	0.02622651
13	36	0.0002519802
13	47	0.003250031
13	51	0.007693111
13	55	0.0002272964
13	63	4.741342e-05
13	64	2.663791e-05
13	65	0.0002674076
13	66	7.220005e-06
13	67	2.015842e-05
13	68	2.571227e-07
13	72	1.203334e-05
13	73	1.038776e-05
13	74	4.587069e-05
13	91	2.293534e-06
13	92	0.03095757
13	93	0.07220005
14	23	0.0004353934
14	25	0.01363761
14	28	0.003060886
14	34	4.798419e-07
14	39	0.001040499
14	46	0.001363761
14	47	0.0007030946
14	49	0.004263016
14	50	0.002101202
14	53	4.182201e-05
14	55	0.0001181926
14	57	2.485076e-05
14	58	5.242904e-05
14	59	9.041231e-05
14	60	1.484984e-07
14	61	4.485259e-06
14	62	1.727431e-06
14	63	2.474974e-05
14	64	1.394067e-05
14	65	0.0001394067
14	66	3.768021e-06
14	67	1.050601e-05
14	68	1.343557e-07
14	72	6.263199e-06
14	73	5.404534e-06
14	74	2.394159e-05
14	91	1.192028e-06
14	93	0.04838827
15	55	0.0005959398
15	57	0.0001244492
15	59	0.0009085805
15	63	0.0001244492
15	64	6.991415e-05
15	65	0.0007021769
15	66	1.892033e-05
15	67	5.291621e-05
15	68	6.758705e-07
15	72	3.146642e-05
15	86	0.0006839648
15	87	0.0009874995
15	92	0.2266392
16	21	0.002906337
16	33	2.446916e-06
16	34	2.936299e-06
16	36	7.310785e-05
16	37	0.001008729
16	39	0.0005193454
16	41	0.0006371969
16	45	0.0002576752
16	46	0.0003835166
16	47	0.0005463114
16	49	0.004773983
16	50	0.0006591692
16	51	0.005992447
16	55	7.160974e-05
16	57	1.498112e-05
16	58	3.16601e-05
16	59	5.463114e-05
16	60	8.968696e-08
16	61	2.716576e-06
16	62	1.048678e-06
16	63	1.498112e-05
16	64	8.409401e-06
16	65	8.44935e-05
16	66	2.27713e-06
16	67	6.371969e-06
16	68	8.119765e-08
16	72	3.785229e-06
16	73	3.265884e-06
16	74	1.448175e-05
16	86	7.011164e-05
16	87	0.0001068653
16	91	7.230886e-07
16	93	0.0200747
17	21	0.001563194
17	28	0.02763323
17	33	6.192265e-05
17	34	1.573279e-06
17	36	3.923113e-05
17	37	0.0005425796
17	46	0.0005284604
17	47	0.001069023
17	49	0.001008512
17	50	0.0009419504
17	51	0.006767116
17	55	4.306347e-05
17	57	9.026184e-06
17	58	1.906088e-05
17	59	3.287749e-05
17	60	5.39554e-08
17	61	1.63379e-06
17	62	6.303201e-07
17	63	9.006014e-06
17	64	5.062731e-06
17	65	5.082901e-05
17	66	1.371577e-06
17	67	3.832346e-06
17	68	4.891284e-08
17	72	2.279238e-06
17	73	1.966599e-06
17	74	8.72363e-06
17	86	4.215581e-05
17	87	6.414137e-05
17	91	4.356773e-07
17	93	0.00293477
18	23	0.0008726396
18	24	0.000464236
18	25	0.06286314
18	28	0.006131223
18	34	9.625918e-07
18	36	0.000263653
18	39	0.0007981964
18	46	0.001871419
18	50	0.0002284992
18	51	0.002832977
18	52	1.685311e-05
18	55	0.0002378046
18	57	4.973218e-05
18	58	0.0001054612
18	59	0.0003618766
18	60	2.967388e-07
18	61	8.995218e-06
18	62	3.474016e-06
18	63	4.96288e-05
18	64	2.79162e-05
18	65	0.0002801959
18	66	7.558051e-06
18	67	2.109224e-05
18	68	2.688226e-07
18	72	1.251059e-05
18	73	1.08563e-05
18	74	4.807789e-05
18	86	0.0003360283
18	87	0.0004569984
18	91	2.398725e-06
18	93	0.1623275
19	14	3.300833e-05
19	21	0.005028916
19	22	0.01660125
19	23	7.436581e-05
19	24	0.0009902497
19	25	0.002592124
19	28	0.0001737791
19	34	8.20354e-08
19	36	0.0002495041
19	37	0.0017475
19	39	0.002242624
19	40	0.0003271708
19	41	0.0001388291
19	42	0.0006824957
19	43	5.883249e-06
19	45	9.591831e-05
19	46	7.747248e-05
19	49	0.005096874
19	50	0.001708666
19	52	1.436833e-06
19	59	3.427041e-05
19	63	4.698832e-06
19	64	2.640666e-06
19	65	2.650374e-05
19	72	1.184416e-06
19	73	1.029083e-06
19	74	4.543499e-06
19	93	0.0122325
20	14	6.908195e-05
20	23	0.0253494
20	24	0.0008107938
20	25	0.01596432
20	28	0.0003279941
20	36	0.001596432
20	37	0.003841111
20	38	0.0002128576
20	39	0.006675988
20	40	0.0002205979
20	41	0.0002592992
20	42	0.001886692
20	43	1.112665e-05
20	45	0.0006211571
20	46	0.0001451302
20	49	0.02457538
20	50	0.004199099
20	52	2.709096e-06
20	53	0.0001635133
20	91	4.286177e-07
20	93	0.01315847
21	28	0.0006001154
21	33	4.772965e-05
21	34	2.83582e-07
21	36	2.346541e-05
21	37	0.0001987071
21	38	0.0003904245
21	41	0.0005811434
21	43	2.027012e-05
21	46	0.0003614672
21	48	5.851375e-05
21	50	0.001477822
21	51	0.0008048137
21	54	0.0002426423
21	55	6.989697e-05
21	57	1.467837e-05
21	58	3.085452e-05
21	59	0.0001068425
21	60	8.747107e-08
21	61	2.6461e-06
21	62	1.018499e-06
21	63	2.915702e-05
21	64	1.637586e-05
21	65	8.237857e-05
21	66	2.226718e-06
21	67	6.210845e-06
21	68	7.918328e-08
21	72	7.379123e-06
21	73	3.185305e-06
21	74	1.41791e-05
21	86	6.839917e-05
21	87	0.0001038469
21	90	1.188249e-07
21	91	7.059594e-07
21	93	0.03854319
22	28	0.006909969
22	33	1.435559e-06
22	34	2.753274e-06
22	36	0.0002078347
22	37	0.001939076
22	38	0.003792448
22	41	0.002324749
22	43	0.0002003355
22	46	0.001821232
22	48	0.0003246078
22	50	0.0119987
22	51	0.008131265
22	54	0.000982394
22	55	0.0006170762
22	57	0.0001296289
22	58	0.0002731848
22	59	0.0009416841
22	60	7.724166e-07
22	61	2.335462e-05
22	62	9.020455e-06
22	63	0.0002581864
22	64	0.0001446272
22	65	0.0007274215
22	66	1.960503e-05
22	67	5.485123e-05
22	68	6.995673e-07
22	72	6.524296e-05
22	73	2.817553e-05
22	74	0.0001253436
22	86	0.0007113517
22	87	0.001135592
22	90	1.053101e-06
22	91	6.235041e-06
22	93	0.2164052
23	28	0.00673934
23	33	1.188149e-06
23	34	2.717162e-06
23	36	0.0002259432
23	37	0.00190883
23	38	0.003749488
23	39	0.003535232
23	41	0.00227891
23	42	0.007995661
23	43	0.0001947786
23	45	0.0003739749
23	46	0.001977003
23	48	0.0003204108
23	49	0.03700794
23	50	0.01480317
23	51	0.007421065
23	53	0.001519273
23	54	0.0009709714
23	55	0.0006710123
23	57	0.0001402406
23	58	0.0002970374
23	59	0.001022588
23	60	8.394958e-07
23	61	2.541861e-05
23	62	9.836319e-06
23	63	0.0002804812
23	64	0.0001577707
23	65	0.0007917751
23	66	2.132826e-05
23	67	5.969964e-05
23	68	7.606105e-07
23	72	7.089942e-05
23	73	3.058024e-05
23	74	0.0001353711
23	86	0.0007537932
23	87	0.001490056
23	90	1.149194e-06
23	91	6.778296e-06
23	93	0.1996481
24	28	4.227292e-05
24	33	3.809537e-06
24	34	1.999261e-08
24	35	5.391042e-06
24	43	1.303001e-06
24	46	1.690917e-05
24	48	7.897577e-07
24	50	7.808058e-05
24	73	2.267818e-07
24	74	1.004604e-06
24	93	0.001730703
25	28	0.01869788
25	33	2.901748e-05
25	34	4.567188e-06
25	35	0.0005139363
25	39	0.001004373
25	43	0.0002728052
25	45	0.0006171323
25	46	0.0007141978
25	47	0.0002779139
25	48	0.0006457411
25	50	0.01501961
25	51	0.005221102
25	55	0.001767614
25	57	0.0003576097
25	58	0.0007540457
25	60	2.135441e-06
25	61	6.467629e-05
25	62	2.493051e-05
25	63	0.000356588
25	64	0.0002002614
25	65	0.002012832
25	66	5.425451e-05
25	67	0.0001512179
25	68	1.931093e-06
25	72	9.021984e-05
25	73	7.785675e-05
25	74	0.0003453489
25	83	0.0002993705
25	86	0.002278485
25	87	0.000356588
25	91	8.613287e-06
25	92	0.2789356
25	93	0.2789356
26	28	0.002376457
26	35	0.0003025489
26	43	2.67601e-05
26	48	4.273628e-05
26	55	0.0002516248
26	57	5.262154e-05
26	58	0.0001108347
26	60	3.14531e-07
26	61	9.515812e-06
26	62	3.674521e-06
26	63	5.252169e-05
26	64	2.955593e-05
26	65	0.0002965578
26	66	7.998075e-06
26	67	2.236665e-05
26	68	2.845757e-07
26	72	1.32802e-05
26	73	1.148288e-05
26	74	5.082422e-05
26	83	0.000706946
26	86	0.0002456338
26	87	0.0004742928
26	91	1.268109e-06
26	92	0.05252169
27	28	0.0003599111
27	33	3.399161e-06
27	34	1.695233e-07
27	35	4.590171e-05
27	43	1.217091e-05
27	46	0.0001590911
27	48	1.425735e-05
27	50	0.0006659225
27	55	3.807755e-05
27	57	7.980638e-06
27	58	1.68654e-05
27	60	4.772734e-08
27	61	1.443122e-06
27	62	5.572537e-07
27	63	7.963251e-06
27	64	4.477155e-06
27	65	4.494542e-05
27	66	1.208397e-06
27	67	3.390467e-06
27	68	4.320672e-08
27	72	2.016893e-06
27	73	1.738701e-06
27	74	7.711139e-06
27	86	3.729514e-05
27	87	5.668165e-05
27	91	3.851223e-07
27	93	0.01756088
28	33	0.000222246
28	34	4.019568e-07
28	35	0.0001084645
28	43	2.881754e-05
28	46	0.0004136539
28	47	9.198217e-05
28	48	3.381541e-05
28	50	0.001573799
28	55	9.921315e-05
28	57	2.073586e-05
28	58	4.381116e-05
28	60	1.244152e-07
28	61	3.753723e-06
28	62	1.446194e-06
28	63	2.073586e-05
28	64	1.169716e-05
28	65	0.0001169716
28	66	3.158232e-06
28	67	8.815401e-06
28	68	1.12718e-07
28	72	5.242453e-06
28	73	4.519356e-06
28	74	2.009784e-05
28	83	6.975757e-05
28	86	9.708638e-05
28	87	0.0001478095
28	91	1.001702e-06
28	93	0.02233093
29	43	0.0003566822
29	45	0.004056999
29	48	7.540386e-06
29	49	0.01126365
29	50	0.002117149
29	51	0.004682757
29	53	0.0003306089
29	55	0.001230658
29	57	0.0005141646
29	58	0.0005423237
29	59	0.00374412
29	63	0.0002565609
29	64	0.0001439244
29	65	0.001449673
29	66	3.900559e-05
29	67	0.0001095077
29	68	1.387097e-06
29	72	6.487026e-05
29	83	0.003452099
29	86	0.005360662
29	87	0.01533107
29	93	0.4255155
30	21	0.0006745707
30	22	0.009081883
30	36	0.000349453
30	37	0.0008770393
30	39	0.001518514
30	40	0.0002384846
30	42	0.002248569
30	45	0.001129152
30	46	3.582137e-05
30	49	0.00464315
30	53	9.734066e-05
30	55	1.041545e-05
30	59	1.586653e-05
30	63	2.170697e-06
30	64	1.216758e-06
30	65	1.226492e-05
30	72	5.490014e-07
30	73	4.74049e-07
30	74	2.102558e-06
30	86	1.012343e-05
30	93	0.006677569
31	26	0.00153284
31	32	0.00637499
31	39	0.004202621
31	40	0.0001583596
31	42	0.003248403
31	45	0.0003898084
31	53	0.0005461377
31	55	0.0007400268
31	56	0.005441074
31	57	0.0001553143
31	59	0.00451731
31	63	0.0001542991
31	64	8.689477e-05
31	65	0.0008730082
31	66	2.355092e-05
31	67	6.578016e-05
31	68	8.395091e-07
31	70	1.77647e-05
31	72	3.908234e-05
31	73	3.380369e-05
31	74	0.0001502386
31	75	1.888134e-06
31	77	1.746016e-05
31	78	5.278655e-05
31	79	4.27368e-05
31	80	0.01096336
31	83	0.006243024
31	84	1.969344e-05
31	85	0.000104558
31	86	0.003715361
31	87	0.004740638
31	92	0.1786622
31	93	0.02182521
32	56	5.403828e-05
32	59	2.244667e-05
32	77	1.73546e-07
32	78	5.237557e-07
32	79	4.250319e-07
32	80	9.861987e-05
32	83	1.034002e-05
32	86	1.444485e-05
32	87	2.192707e-05
32	92	0.001579581
33	93	0.0002356633
34	33	2.08388e-06
34	71	5.64561e-09
34	92	2.743066e-06
34	93	1.0951e-05
35	44	1.455114e-05
35	57	1.380765e-05
35	58	6.415246e-05
35	63	6.02226e-06
35	71	1.010083e-06
35	93	0.0005045102
36	33	1.033716e-06
36	35	1.063824e-06
36	38	5.44959e-06
36	43	2.268154e-07
36	44	3.101148e-05
36	46	3.693277e-06
36	48	8.370089e-06
36	50	0.0006714136
36	54	5.078256e-06
36	55	1.053788e-05
36	57	2.629452e-05
36	60	2.017252e-07
36	61	3.251689e-05
36	62	1.25451e-05
36	63	1.144113e-05
36	64	4.947787e-06
36	65	4.987931e-05
36	68	5.610167e-07
36	72	1.525484e-06
36	73	3.151328e-07
36	74	4.235224e-06
36	90	8.530666e-07
36	93	0.002137684
37	33	4.301675e-06
37	35	4.450743e-06
37	38	2.267962e-05
37	39	3.81188e-06
37	43	9.455166e-07
37	44	0.0001288373
37	46	1.543918e-05
37	48	3.545687e-05
37	50	0.002800348
37	54	2.118894e-05
37	55	4.397504e-05
37	57	0.0001096714
37	60	8.411691e-07
37	61	3.396619e-05
37	62	1.309668e-05
37	63	4.759526e-05
37	64	2.065656e-05
37	65	0.0002076303
37	68	1.171248e-06
37	72	6.346036e-06
37	73	1.309668e-06
37	74	1.76752e-05
37	90	2.374439e-06
37	93	0.004482686
38	33	3.306248e-06
38	44	9.918745e-05
38	54	1.631794e-05
38	55	3.743527e-05
38	57	9.310822e-05
38	58	0.0002549011
38	60	7.156428e-07
38	61	5.769937e-05
38	62	2.229051e-05
38	63	4.052821e-05
38	68	1.994414e-06
38	71	3.402236e-06
38	90	1.008939e-06
38	93	0.006409856
39	33	1.481554e-05
39	35	1.534466e-05
39	38	7.83107e-05
39	43	3.259418e-06
39	44	0.0004455243
39	45	0.0003153592
39	46	5.164272e-05
39	48	0.0001206408
39	50	0.008582428
39	54	7.301942e-05
39	55	0.0001682622
39	57	0.0004719806
39	60	3.217088e-06
39	61	0.0002592719
39	62	0.0001002165
39	63	0.0001820194
39	64	0.0001576796
39	65	0.001597961
39	66	3.164175e-06
39	68	4.486991e-06
39	72	4.857379e-05
39	73	1.006398e-05
39	74	0.0001354563
39	86	1.21699e-05
39	87	1.851942e-05
39	90	4.539903e-06
39	93	0.01079418
40	33	7.294216e-07
40	35	7.549035e-07
40	39	3.801061e-06
40	43	1.932383e-07
40	44	2.187203e-05
40	45	1.560771e-05
40	46	2.378318e-06
40	48	5.913942e-06
40	50	0.0004746018
40	54	3.588711e-06
40	55	1.000168e-05
40	57	2.484493e-05
40	60	1.911148e-07
40	61	1.539536e-05
40	62	5.945794e-06
40	63	2.165968e-05
40	64	9.375244e-06
40	65	9.449566e-05
40	68	2.654373e-07
40	72	2.887957e-06
40	73	5.977647e-07
40	74	8.026822e-06
40	93	0.00202794
41	33	2.313535e-06
41	35	2.390976e-06
41	43	5.072353e-07
41	44	6.940605e-05
41	48	1.877932e-05
41	50	0.00151009
41	55	2.361935e-05
41	57	5.885478e-05
41	60	4.520589e-07
41	61	7.289088e-05
41	62	2.816898e-05
41	63	2.555537e-05
41	64	2.216734e-05
41	65	0.0002236095
41	66	4.443149e-07
41	67	1.461689e-06
41	68	6.292041e-07
41	72	6.824444e-06
41	73	1.413289e-06
41	74	1.897292e-05
41	90	6.379161e-07
41	93	0.00302018
42	33	5.162642e-06
42	35	5.341312e-06
42	38	2.727078e-05
42	43	1.344732e-06
42	44	0.0001551614
42	48	4.184655e-05
42	50	0.003357128
42	54	2.539004e-05
42	55	6.262877e-05
42	57	0.0002031203
42	60	1.194272e-06
42	61	9.68583e-05
42	62	3.723873e-05
42	63	6.780081e-05
42	64	5.877324e-05
42	65	0.0005924343
42	66	1.175465e-06
42	67	3.883736e-06
42	68	1.664458e-06
42	72	1.805514e-05
42	73	3.74268e-06
42	74	5.030989e-05
42	90	5.068604e-06
42	93	0.007128019
43	33	6.260577e-07
43	44	1.883524e-05
43	57	1.722996e-05
43	58	3.991786e-05
43	63	1.498258e-05
43	64	3.242657e-06
43	71	6.271278e-07
43	90	5.58636e-07
43	93	0.0007298655
44	58	0.0001996095
44	71	3.129013e-06
44	90	4.650361e-07
44	93	0.002665056
45	35	2.986573e-07
45	43	7.921764e-06
45	48	2.330507e-06
45	50	4.807894e-05
45	55	9.889965e-05
45	57	0.0005875228
45	58	0.001116293
45	60	3.525136e-07
45	61	2.839693e-05
45	62	1.096709e-05
45	63	3.995154e-05
45	64	1.733192e-05
45	65	0.0001742984
45	67	1.145669e-06
45	68	9.792045e-07
45	71	1.67444e-06
45	72	5.326873e-06
45	74	3.701393e-06
45	85	8.411367e-06
45	86	2.673228e-05
45	87	4.700182e-05
45	93	0.001742984
46	33	3.774969e-06
46	35	3.903297e-06
46	43	7.763818e-07
46	44	0.0001112172
46	48	3.058474e-05
46	50	0.00232059
46	54	1.86075e-05
46	55	4.02093e-05
46	57	0.0001000955
46	58	0.000232059
46	60	7.68896e-07
46	61	0.00012405
46	62	4.780202e-05
46	63	4.352443e-05
46	64	1.882137e-05
46	65	0.0001903526
46	67	1.251194e-06
46	68	2.138793e-06
46	71	3.646642e-06
46	72	5.796128e-06
46	73	1.197724e-06
46	74	1.614789e-05
46	90	2.170874e-06
46	92	0.001154948
46	93	0.001154948
47	33	1.739195e-06
47	35	1.803214e-06
47	44	5.238924e-05
47	55	1.824554e-05
47	57	4.53471e-05
47	58	0.0001050986
47	60	3.478389e-07
47	61	2.806186e-05
47	62	1.08833e-05
47	63	1.973933e-05
47	68	4.844138e-07
47	71	1.653836e-06
47	90	1.963263e-06
47	93	0.003350351
48	33	2.128258e-06
48	35	2.203122e-06
48	44	6.395469e-05
48	57	3.080092e-05
48	58	7.133409e-05
48	60	2.363543e-07
48	61	1.903668e-05
48	62	7.357998e-06
48	63	1.336846e-05
48	68	3.293988e-07
48	71	1.12295e-06
48	90	3.336767e-07
48	93	0.001550741
49	33	3.285701e-05
49	35	3.399327e-05
49	44	0.0009847634
49	48	0.0002670223
49	50	0.01069983
49	54	0.0001619178
49	55	0.0003153136
49	57	0.0007887575
49	58	0.002007402
49	60	6.031675e-06
49	63	0.0003408796
49	64	0.000295429
49	65	0.002982697
49	66	5.918048e-06
49	67	1.950589e-05
49	68	1.675992e-05
49	71	5.728671e-05
49	72	9.090123e-05
49	73	1.884307e-05
49	74	0.000252819
49	86	2.282e-05
49	87	3.46561e-05
49	90	4.251526e-05
49	93	0.06391492
50	33	3.216673e-05
50	35	3.323185e-05
50	44	0.0009639367
50	55	0.0003600117
50	57	0.0009362435
50	58	0.002343272
50	60	6.880697e-06
50	61	0.001107728
50	62	0.0004281796
50	63	0.0003898352
50	68	1.917222e-05
50	71	6.529207e-05
50	86	2.598901e-05
50	87	3.962259e-05
50	90	2.907787e-05
50	93	0.06518555
51	33	3.52341e-05
51	35	3.651534e-05
51	43	7.730149e-06
51	44	0.001054888
51	48	0.0002850759
51	54	0.0001729674
51	55	0.0003277839
51	57	0.0008840557
51	58	0.002103369
51	60	6.2674e-06
51	61	0.001010044
51	62	0.0003897105
51	63	0.0003544764
51	64	0.0001537488
51	66	6.149953e-06
51	68	1.740351e-05
51	71	5.947089e-05
51	86	2.370294e-05
51	87	3.608826e-05
51	90	1.761705e-05
51	93	0.01409364
52	33	9.378004e-07
52	35	9.710706e-07
52	43	3.680503e-07
52	44	2.81756e-05
52	50	0.0006113378
52	54	4.616224e-06
52	55	1.715489e-05
52	57	4.262729e-05
52	58	9.877056e-05
52	63	1.850648e-05
52	71	3.108673e-06
52	90	2.308112e-06
52	93	0.004595431
53	33	1.071185e-06
53	35	1.10269e-06
53	43	2.257889e-07
53	44	3.203052e-05
53	46	3.476099e-06
53	48	8.653492e-06
53	50	0.0006941697
53	54	5.250905e-06
53	55	1.010274e-05
53	57	2.509933e-05
53	60	1.932333e-07
53	61	7.781841e-06
53	62	3.003518e-06
53	63	2.184377e-05
53	64	9.472633e-06
53	65	9.546146e-05
53	67	6.259079e-07
53	68	2.688463e-07
53	72	2.909002e-06
53	73	6.038541e-07
53	74	8.107399e-06
53	93	0.001963839
54	33	1.634017e-06
54	35	1.698096e-06
54	44	4.912729e-05
54	55	1.185463e-05
54	57	2.958318e-05
54	58	6.856462e-05
54	60	2.274807e-07
54	61	3.663187e-05
54	62	1.42042e-05
54	63	1.292261e-05
54	64	5.57488e-06
54	65	5.617599e-05
54	68	6.32247e-07
54	71	1.078664e-06
54	72	1.719455e-06
54	73	3.556389e-07
54	74	4.773891e-06
54	90	1.281582e-06
54	93	0.0008052604
55	58	0.0001958427
55	63	5.785354e-06
55	64	3.007585e-06
55	70	2.018379e-05
55	76	8.982786e-06
55	80	0.0006404856
55	84	3.38728e-06
55	85	1.129093e-05
55	86	0.0001798556
55	92	0.005875282
55	93	0.005875282
56	57	5.600881e-05
56	58	3.290251e-05
56	59	0.000648467
56	63	3.013402e-06
56	64	1.565265e-06
56	65	4.195337e-05
56	70	5.270791e-06
56	72	7.794381e-06
56	76	2.342574e-06
56	92	0.00198054
57	55	0.0003814456
57	58	8.953514e-05
57	63	8.206558e-06
57	64	4.272589e-06
57	65	0.0001145333
57	70	1.434156e-05
57	76	6.364066e-06
57	80	0.0004521574
57	84	2.400219e-06
57	85	7.987451e-06
57	86	0.0001274805
57	92	0.003067499
57	93	0.003067499
58	55	0.0001598039
58	57	0.0001068752
58	63	6.789122e-06
58	64	3.531972e-06
58	70	2.371612e-05
58	76	1.048395e-05
58	80	0.0005160547
58	84	1.984826e-06
58	85	6.605907e-06
58	86	0.0001058574
58	92	0.004061259
58	93	0.004061259
59	55	0.0004580241
59	57	0.003976039
59	58	0.0007250424
59	63	9.404112e-06
59	64	4.892087e-06
59	65	0.0001305856
59	70	1.646938e-05
59	72	2.436298e-05
59	76	7.29915e-06
59	80	6.763164e-05
59	86	1.929548e-05
59	87	3.664193e-05
59	92	0.001393563
59	93	0.001393563
60	92	3.771992e-06
60	93	3.771992e-06
61	71	2.885943e-06
61	92	0.0003634551
61	93	0.0003634551
62	71	4.441377e-06
62	92	0.0001394009
62	93	0.0001394009
63	71	3.008879e-06
63	84	2.112193e-05
63	85	1.454624e-06
63	86	8.249508e-05
63	88	3.1384e-06
63	92	0.01026207
63	93	0.01026207
64	57	5.849007e-05
64	58	8.500423e-05
64	70	2.413088e-07
64	71	6.246222e-06
64	76	1.072483e-07
64	84	4.260142e-05
64	85	7.566966e-07
64	86	4.280003e-05
64	88	6.514344e-06
64	92	0.005044644
64	93	0.005044644
65	57	8.163712e-05
65	58	0.0001184734
65	70	2.021016e-06
65	71	6.540925e-06
65	76	8.970127e-07
65	84	3.524334e-05
65	85	6.341811e-06
65	86	0.0001911503
65	88	6.829643e-06
65	92	0.04440263
65	93	0.04440263
66	55	3.774644e-05
66	57	2.432763e-05
66	58	3.542952e-05
66	70	1.003997e-07
66	71	2.596878e-06
66	76	4.460065e-08
66	84	3.504337e-06
66	86	1.776303e-05
66	88	6.786637e-07
66	92	0.0001139151
66	93	0.0001139151
67	55	4.732479e-05
67	57	3.054776e-05
67	58	4.441548e-05
67	70	1.260701e-07
67	71	3.258428e-06
67	76	5.585877e-08
67	84	4.383362e-06
67	86	2.230472e-05
67	88	8.504885e-07
67	92	0.0001076445
67	93	0.0001076445
68	92	9.094126e-06
68	93	9.094126e-06
69	92	0.0001361352
69	93	0.0001361352
70	92	1.174006e-05
70	93	1.174006e-05
71	92	3.200879e-05
71	93	3.200879e-05
72	57	2.129685e-05
72	58	3.097723e-05
72	70	8.78979e-08
72	71	2.27489e-06
72	76	3.901195e-08
72	84	1.229409e-05
72	86	1.558542e-05
72	88	2.371695e-06
72	92	6.50522e-05
72	93	6.50522e-05
73	58	5.168212e-05
73	71	1.572499e-06
73	84	1.272021e-06
73	92	2.443883e-05
73	93	2.443883e-05
74	57	5.124509e-05
74	58	7.457457e-05
74	70	2.113611e-07
74	71	6.739627e-06
74	76	9.39161e-08
74	84	4.915142e-06
74	92	0.0001565268
74	93	0.0001565268
75	92	3.522493e-07
75	93	3.522493e-07
76	92	4.295287e-06
76	93	4.295287e-06
77	88	5.765952e-07
77	92	4.860891e-06
77	93	4.860891e-06
78	55	4.742835e-06
78	57	3.729991e-06
78	58	4.567535e-06
78	80	2.756103e-06
78	84	1.256316e-06
78	86	2.648976e-06
78	88	1.938037e-06
78	92	1.343966e-05
78	93	1.343966e-05
79	55	2.445864e-06
79	57	2.056085e-06
79	58	1.403205e-06
79	84	1.032915e-07
79	86	3.819835e-06
79	88	9.452143e-07
79	92	3.732135e-06
79	93	3.732135e-06
80	92	0.01402927
81	57	2.085699e-06
81	58	6.687631e-06
81	70	5.223814e-08
81	71	8.974245e-07
81	76	2.315317e-08
81	80	3.635621e-05
81	84	7.089462e-05
81	88	5.271652e-05
81	92	0.0008524575
82	70	3.528359e-07
82	71	6.067554e-06
82	76	1.570426e-07
82	84	3.997447e-05
82	88	2.233268e-05
82	92	0.006710001
83	55	8.815335e-05
83	57	1.738665e-05
83	58	4.971971e-05
83	70	2.846936e-07
83	71	4.900798e-06
83	76	1.260786e-07
83	80	0.0001982688
83	84	9.679584e-05
83	85	2.287717e-05
83	88	7.188514e-05
83	92	0.009374555
84	92	0.0001183727
85	92	0.0003064501
86	88	5.002998e-05
86	92	0.007468243
87	57	1.387113e-05
87	58	7.78035e-05
87	70	8.823291e-07
87	71	1.512266e-05
87	76	3.921463e-07
87	84	2.492632e-05
87	88	2.231896e-05
87	92	0.005193853
88	92	0.0001303509
89	85	3.254414e-06
89	88	0.0002413273
89	92	0.005908014
90	92	1.90056e-05
90	93	1.90056e-05
91	92	2.510034e-05
91	93	2.510034e-05
92	8	506.5254
92	9	44.87815
92	10	26.94715
92	11	18.84274
92	12	0.03687505
92	14	0.0399142
92	15	0.2583279
92	16	0.03555808
92	18	0.1306835
92	19	0.0219832
92	20	0.03525417
92	21	0.047816
92	22	0.3008761
92	23	0.3545678
92	24	0.0008307016
92	25	0.5865564
92	26	0.05024732
92	27	0.01306835
92	28	0.009998811
92	29	0.2167929
92	30	0.011954
92	31	0.2917586
92	34	2.907456e-08
92	39	0.008671715
92	40	0.001337227
92	46	0.001094095
92	52	0.001742447
92	69	0.0011954
92	80	0.0120553
93	6	2.835173
93	7	0.4884568
93	12	0.02813936
93	13	0.2665275
93	14	0.03047545
93	16	0.0301569
93	17	0.0455539
93	18	0.0997089
93	19	0.01603412
93	20	0.02686512
93	21	0.03780231
93	22	0.2293623
93	23	0.270775
93	24	0.000633932
93	25	0.4470441
93	28	0.007719741
93	29	0.1645887
93	30	0.009121399
93	34	3.047546e-08
93	36	0.0004767763
93	37	0.002336098
93	39	0.006052617
93	40	0.00102045
93	45	9.418721e-05
93	46	0.0008367477
93	49	0.005840244
93	51	0.001847641
93	52	0.001327328
93	53	0.0006445506
93	92	27.60843
93	94	3.185588
94	6	7.865288
94	13	0.001504236
