1	2	0.0436
1	4	0.0767
1	8	0.1026
2	4	0.0515
2	8	0.0866
3	5	0.0269
3	8	0.0843
4	8	0.0365
4	26	0.0915
4	47	0.2109
5	8	0.0849
6	7	0.0197
6	8	0.0683
6	13	0.0143
7	8	0.0488
7	13	0.014
8	13	0.0604
8	16	0.0239
8	23	0.0478
8	24	0.0414
8	26	0.083
8	27	0.0351
8	28	0.1099
8	30	0.0596
8	34	0.0774
8	35	0.0863
8	36	0.1093
8	37	0.1999
8	38	0.1622
8	47	0.1926
8	65	0.204
8	67	0.3284
8	112	0.3847
8	118	0.3655
8	144	0.2746
8	201	0.2654
8	248	0.3059
8	313	0.3829
9	10	0.003
9	11	0.0022
9	12	0.0037
9	13	0.0053
10	11	0.0011
10	12	0.001
10	13	0.0023
11	13	0.0033
12	13	0.002
13	14	0.0009
13	15	0.0011
13	17	0.006
13	18	0.0055
13	19	0.0095
13	20	0.0112
13	21	0.0098
16	22	0.0311
17	19	0.0038
17	20	0.0053
19	20	0.0018
22	26	0.0281
23	24	0.01
25	26	0.0057
26	29	0.0131
26	31	0.017
26	33	0.0322
26	47	0.1216
28	35	0.0425
29	31	0.0125
29	33	0.0247
29	47	0.1134
30	34	0.0184
31	32	0.0043
32	33	0.0113
33	47	0.0895
35	36	0.0232
36	38	0.0549
37	38	0.0478
39	47	0.013
39	65	0.0306
39	142	0.0835
40	45	0.018
40	46	0.0167
40	50	0.0133
40	55	0.02
40	61	0.0242
40	62	0.0377
40	144	0.0728
41	53	0.0145
41	67	0.0522
41	166	0.0831
42	47	0.0089
43	67	0.0364
44	67	0.0356
45	46	0.0314
45	47	0.0244
45	50	0.0187
45	54	0.0086
45	55	0.0299
45	58	0.0122
45	59	0.0152
45	61	0.0302
45	62	0.049
45	63	0.037
45	65	0.0323
45	67	0.1266
45	83	0.0393
45	118	0.1602
45	142	0.0655
45	144	0.0712
45	166	0.0988
45	201	0.0986
46	50	0.0149
46	55	0.009
46	62	0.0215
46	63	0.0163
46	67	0.0958
46	144	0.0641
47	48	0.0107
47	49	0.0154
47	54	0.0273
47	56	0.0122
47	58	0.0288
47	59	0.0197
47	60	0.0242
47	65	0.0178
47	67	0.1502
47	74	0.031
47	75	0.032
47	83	0.0483
47	86	0.0555
47	94	0.1804
47	109	0.2658
47	112	0.2046
47	118	0.1828
47	123	0.1841
47	131	0.2139
47	142	0.0714
47	144	0.0825
47	147	0.2535
47	150	0.2555
47	152	0.2244
47	166	0.115
47	169	0.077
47	172	0.1606
47	176	0.2078
47	177	0.2424
47	182	0.1826
47	183	0.0836
47	197	0.0929
47	201	0.0938
47	203	0.0963
47	219	0.1144
47	230	0.2408
47	232	0.2028
47	245	0.1281
47	246	0.1301
47	248	0.1305
47	253	0.1334
47	255	0.2336
47	258	0.1437
47	261	0.1894
47	263	0.1429
47	293	0.216
47	311	0.2976
47	313	0.3086
47	316	0.3074
48	49	0.0048
48	65	0.0212
49	56	0.0087
49	60	0.0119
50	55	0.0112
50	61	0.0123
50	62	0.0302
50	63	0.0185
50	67	0.1082
50	144	0.0596
50	166	0.0828
51	67	0.0267
51	82	0.0319
51	118	0.0655
51	166	0.0796
52	67	0.0194
53	67	0.0424
53	82	0.0367
53	144	0.0809
53	166	0.0701
54	58	0.0036
54	59	0.0113
54	60	0.0087
54	65	0.0301
54	83	0.0307
55	61	0.0067
55	62	0.0191
55	63	0.0089
55	144	0.0556
56	58	0.018
56	59	0.0078
56	60	0.0124
56	65	0.0141
57	69	0.0198
57	70	0.0199
57	71	0.0197
57	118	0.0435
58	59	0.0107
58	60	0.0069
58	65	0.0294
58	83	0.0271
59	60	0.0046
59	64	0.0057
59	65	0.0189
59	83	0.0297
59	144	0.0638
60	64	0.0048
60	65	0.0225
61	62	0.0201
61	63	0.007
62	63	0.0133
62	67	0.0786
62	144	0.0511
62	166	0.0605
63	67	0.0918
63	144	0.0479
63	166	0.0656
64	65	0.0191
65	66	0.0068
65	67	0.1498
65	74	0.0147
65	75	0.0143
65	83	0.0378
65	87	0.0223
65	108	0.0307
65	112	0.2025
65	116	0.0331
65	118	0.18
65	142	0.0572
65	144	0.0709
65	151	0.0485
65	166	0.1059
65	169	0.06
65	176	0.2031
65	183	0.066
65	197	0.0752
65	201	0.0761
65	203	0.0787
65	219	0.0984
65	245	0.1109
65	246	0.1131
65	248	0.1133
65	253	0.1163
65	255	0.2254
65	258	0.128
65	261	0.1779
65	263	0.1259
65	293	0.2037
66	87	0.0156
66	116	0.0271
66	151	0.0422
67	71	0.0262
67	76	0.0508
67	78	0.01
67	79	0.0138
67	82	0.0219
67	90	0.0258
67	94	0.0327
67	95	0.076
67	99	0.0435
67	109	0.1156
67	111	0.0465
67	112	0.0563
67	118	0.0388
67	119	0.1082
67	120	0.0297
67	123	0.0406
67	128	0.0321
67	131	0.0667
67	133	0.0368
67	136	0.1058
67	144	0.1033
67	146	0.1061
67	147	0.105
67	150	0.1069
67	152	0.0783
67	153	0.0829
67	159	0.0703
67	161	0.0661
67	162	0.1033
67	166	0.077
67	167	0.0607
67	172	0.054
67	174	0.1004
67	176	0.0708
67	177	0.0983
67	179	0.1005
67	182	0.0604
67	183	0.1562
67	189	0.0745
67	197	0.1629
67	201	0.1639
67	203	0.163
67	217	0.09
67	219	0.1399
67	230	0.1115
67	232	0.0954
67	233	0.1163
67	246	0.1617
67	248	0.1655
67	253	0.1651
67	255	0.1163
67	258	0.1454
67	261	0.1162
67	263	0.1685
67	274	0.1518
67	292	0.1431
67	293	0.1428
67	296	0.146
67	299	0.1685
67	301	0.1705
67	307	0.1847
67	310	0.1917
67	311	0.1939
67	313	0.3992
68	80	0.0134
68	96	0.0223
68	109	0.0259
68	118	0.1008
68	125	0.0323
68	147	0.0478
69	71	0.0084
69	73	0.0077
69	118	0.0283
70	112	0.0267
70	118	0.0289
71	73	0.003
71	77	0.0053
71	90	0.0143
71	111	0.0252
71	112	0.0326
71	118	0.024
72	96	0.0171
72	118	0.0788
72	146	0.0355
72	147	0.0365
72	152	0.0523
72	162	0.0452
72	177	0.0572
73	77	0.0026
73	90	0.0115
73	94	0.0129
73	118	0.022
74	75	0.0106
74	116	0.0203
74	201	0.0637
75	87	0.0085
75	108	0.0168
75	116	0.0202
75	151	0.0348
75	166	0.1021
75	201	0.0622
76	82	0.0325
76	98	0.0204
76	118	0.0797
76	142	0.0717
76	144	0.0551
77	94	0.0104
77	118	0.0195
78	79	0.0063
78	118	0.0298
79	118	0.025
80	101	0.0198
80	109	0.0128
80	118	0.091
80	146	0.0329
80	147	0.0344
80	152	0.0588
80	162	0.044
80	176	0.0853
80	177	0.0579
81	85	0.0069
81	118	0.1173
81	144	0.0277
81	166	0.0472
81	261	0.1239
82	106	0.0113
82	118	0.0475
82	130	0.0376
82	140	0.0261
82	144	0.0821
82	166	0.0551
82	182	0.0564
83	85	0.0211
83	86	0.0098
83	97	0.0195
83	104	0.0136
83	118	0.145
83	144	0.0343
83	166	0.0681
83	201	0.0649
83	248	0.0927
84	112	0.0131
84	118	0.0245
85	97	0.0064
85	144	0.0261
85	261	0.1272
86	144	0.0286
88	118	0.0142
89	174	0.0386
90	94	0.0075
90	112	0.0317
90	118	0.0133
90	152	0.0528
90	166	0.0855
90	182	0.0422
91	92	0.008
91	95	0.0057
91	109	0.0348
91	112	0.0302
91	118	0.0532
91	119	0.0278
91	146	0.0296
91	147	0.0293
91	150	0.0309
91	152	0.0283
91	162	0.0334
91	174	0.038
91	176	0.0527
91	177	0.0399
91	179	0.0408
91	221	0.0694
91	230	0.0773
91	255	0.0968
92	95	0.0135
92	109	0.027
92	112	0.0379
92	118	0.0611
92	119	0.0207
92	143	0.0269
92	146	0.025
92	147	0.0251
92	150	0.0264
92	152	0.0326
92	162	0.0312
92	174	0.0377
92	176	0.0584
92	179	0.0409
92	182	0.0837
92	221	0.0704
92	230	0.0793
92	255	0.0998
92	299	0.1427
93	100	0.0047
93	118	0.0232
93	152	0.0297
93	161	0.0294
94	99	0.0121
94	109	0.0863
94	112	0.0242
94	118	0.0093
94	131	0.0341
94	146	0.0745
94	147	0.0733
94	152	0.0456
94	159	0.038
94	162	0.0709
94	166	0.0917
94	172	0.0492
94	176	0.0408
94	179	0.0677
94	182	0.042
94	201	0.1827
94	217	0.0655
94	219	0.1535
94	230	0.0819
94	232	0.0762
94	248	0.1776
94	255	0.0906
94	258	0.1528
94	261	0.1068
94	263	0.1782
94	299	0.1427
94	301	0.1457
94	310	0.1661
94	311	0.1684
95	101	0.0252
95	109	0.0398
95	112	0.0245
95	118	0.0476
95	119	0.0323
95	131	0.0216
95	146	0.0323
95	147	0.0317
95	150	0.0335
95	152	0.0246
95	162	0.0343
95	174	0.0375
95	176	0.0479
95	177	0.0387
95	179	0.0399
95	221	0.0675
95	230	0.0747
95	255	0.0934
95	299	0.1392
96	118	0.0844
96	147	0.0255
96	152	0.0505
96	162	0.0351
96	177	0.0489
97	104	0.0105
98	144	0.0347
99	112	0.0128
99	118	0.0149
99	147	0.0616
99	152	0.0354
99	161	0.0293
99	167	0.0305
99	176	0.037
100	111	0.0071
100	112	0.0083
100	118	0.0186
100	137	0.0175
100	152	0.0312
100	161	0.0276
101	112	0.0489
101	118	0.0722
101	129	0.012
101	146	0.0189
101	152	0.0392
101	162	0.0285
101	174	0.0372
101	176	0.0657
101	179	0.0407
101	221	0.0704
101	230	0.0807
101	255	0.1024
102	107	0.0087
102	118	0.0236
102	120	0.0073
102	182	0.0378
103	115	0.0038
103	152	0.0271
104	144	0.0206
105	123	0.0248
105	167	0.0306
105	182	0.0512
106	118	0.0434
106	120	0.0243
106	140	0.015
106	166	0.05
106	182	0.0465
107	118	0.0149
108	116	0.0062
108	201	0.0455
109	112	0.0629
109	118	0.0862
109	119	0.0095
109	131	0.056
109	144	0.2092
109	146	0.0211
109	147	0.0227
109	150	0.0218
109	152	0.0503
109	159	0.0647
109	161	0.0713
109	162	0.0321
109	166	0.1744
109	167	0.0819
109	170	0.0332
109	174	0.042
109	176	0.0765
109	177	0.0464
109	179	0.0455
109	182	0.1045
109	201	0.2655
109	202	0.0565
109	203	0.2638
109	212	0.0586
109	217	0.0997
109	219	0.2328
109	221	0.0736
109	230	0.0851
109	232	0.1193
109	248	0.2545
109	255	0.1078
109	258	0.2256
109	261	0.1605
109	273	0.1108
109	293	0.1714
109	299	0.1431
109	301	0.1495
109	306	0.1568
109	307	0.1608
109	310	0.1625
109	311	0.1652
109	321	0.23
110	152	0.0458
110	162	0.0286
111	112	0.0112
111	118	0.0123
111	152	0.0318
111	161	0.0233
112	118	0.0233
112	119	0.0544
112	123	0.0228
112	125	0.0609
112	126	0.0159
112	131	0.0108
112	136	0.0503
112	137	0.0151
112	144	0.1464
112	146	0.0502
112	147	0.049
112	149	0.043
112	150	0.051
112	152	0.0229
112	157	0.0387
112	159	0.0213
112	161	0.0225
112	162	0.047
112	166	0.1121
112	167	0.0282
112	170	0.0519
112	172	0.0643
112	174	0.0448
112	176	0.031
112	177	0.0434
112	179	0.0454
112	182	0.0487
112	189	0.0405
112	201	0.2035
112	202	0.0545
112	203	0.2019
112	212	0.0626
112	217	0.0606
112	219	0.1723
112	221	0.0649
112	230	0.068
112	232	0.0764
112	248	0.1952
112	253	0.1938
112	255	0.0821
112	258	0.1684
112	261	0.1131
112	263	0.1947
112	292	0.122
112	293	0.1319
112	296	0.1346
112	299	0.1321
112	301	0.1362
112	305	0.1417
112	306	0.1493
112	307	0.15
112	310	0.1552
112	311	0.1577
113	152	0.0271
113	174	0.0292
114	118	0.0065
115	152	0.0233
116	151	0.0159
117	152	0.0152
118	119	0.0775
118	120	0.0194
118	125	0.0839
118	126	0.0085
118	127	0.0212
118	128	0.0296
118	129	0.0704
118	130	0.0142
118	131	0.0313
118	133	0.0412
118	134	0.0768
118	136	0.0728
118	137	0.0168
118	139	0.0344
118	140	0.0464
118	143	0.0762
118	144	0.1231
118	145	0.02
118	146	0.0724
118	147	0.0711
118	148	0.0155
118	149	0.0648
118	150	0.073
118	152	0.0416
118	153	0.0994
118	154	0.0152
118	155	0.0157
118	157	0.0592
118	158	0.0186
118	159	0.0317
118	161	0.0273
118	162	0.0676
118	163	0.0223
118	164	0.0211
118	166	0.089
118	167	0.0231
118	168	0.0993
118	169	0.164
118	172	0.0431
118	173	0.1001
118	174	0.0632
118	176	0.0325
118	177	0.0606
118	179	0.0628
118	181	0.0907
118	182	0.0332
118	183	0.1744
118	186	0.0471
118	189	0.0379
118	191	0.0376
118	192	0.0412
118	197	0.1795
118	198	0.0637
118	201	0.1804
118	202	0.0688
118	203	0.1788
118	204	0.06
118	212	0.0769
118	216	0.0686
118	217	0.0562
118	218	0.0693
118	219	0.1498
118	221	0.0745
118	222	0.0622
118	225	0.08
118	229	0.0955
118	230	0.0737
118	232	0.067
118	233	0.1161
118	240	0.0703
118	246	0.1691
118	248	0.1733
118	249	0.0842
118	250	0.1652
118	253	0.172
118	255	0.0815
118	256	0.0806
118	258	0.1474
118	260	0.0955
118	261	0.0985
118	263	0.1733
118	273	0.1001
118	274	0.1504
118	276	0.1353
118	284	0.1142
118	288	0.1222
118	292	0.1151
118	293	0.1207
118	296	0.1237
118	297	0.1305
118	299	0.1337
118	301	0.1366
118	305	0.1419
118	306	0.1514
118	307	0.1508
118	310	0.157
118	311	0.1594
118	313	0.4076
118	321	0.251
119	131	0.047
119	146	0.0126
119	147	0.0141
119	150	0.0136
119	152	0.0408
119	162	0.0236
119	174	0.0333
119	176	0.067
119	177	0.0375
119	179	0.0368
119	182	0.095
119	217	0.0904
119	221	0.0657
119	230	0.0768
119	255	0.0992
119	261	0.1511
119	299	0.1363
119	301	0.1425
119	306	0.1505
119	310	0.1563
119	311	0.159
119	321	0.2271
120	130	0.0073
120	166	0.07
120	182	0.0307
120	258	0.1312
121	142	0.0629
122	163	0.022
123	131	0.0302
123	146	0.0714
123	147	0.07
123	152	0.0403
123	159	0.03
123	163	0.021
123	166	0.0894
123	167	0.0211
123	172	0.0427
123	179	0.0613
123	182	0.0319
123	217	0.0544
123	219	0.1499
123	255	0.0796
123	261	0.0973
123	273	0.0981
123	296	0.1222
123	299	0.1317
123	301	0.1347
123	302	0.1351
123	307	0.1489
123	310	0.1551
124	138	0.0076
124	201	0.0408
125	131	0.0532
125	147	0.0171
125	152	0.0463
125	162	0.0263
125	170	0.027
125	174	0.0362
125	177	0.0406
125	179	0.0396
125	221	0.0673
125	230	0.0789
125	255	0.1017
125	299	0.1366
126	137	0.0089
126	152	0.0331
126	161	0.0203
126	176	0.0268
126	182	0.0349
126	217	0.0533
127	137	0.0092
127	152	0.021
127	255	0.076
128	133	0.0116
128	142	0.1129
128	152	0.0691
128	166	0.0596
128	182	0.0315
128	258	0.1214
128	261	0.0844
129	152	0.0327
129	221	0.0589
129	255	0.0917
130	145	0.0071
130	148	0.0086
130	160	0.0148
130	166	0.0749
130	182	0.0258
130	258	0.1336
131	146	0.0412
131	147	0.0398
131	150	0.0418
131	152	0.0121
131	153	0.1295
131	162	0.0368
131	166	0.1183
131	167	0.0278
131	170	0.0415
131	172	0.0685
131	174	0.034
131	176	0.0267
131	177	0.0325
131	179	0.0346
131	182	0.0502
131	189	0.0367
131	201	0.2095
131	212	0.0519
131	217	0.0562
131	219	0.1771
131	221	0.0552
131	230	0.0594
131	248	0.1993
131	255	0.0753
131	258	0.1715
131	261	0.1123
131	292	0.1172
131	293	0.129
131	299	0.124
131	301	0.1284
131	305	0.1339
131	306	0.141
131	307	0.1421
131	310	0.1469
131	311	0.1494
132	152	0.0243
132	174	0.0212
132	230	0.0643
132	255	0.0858
133	140	0.0062
133	144	0.0821
133	152	0.0802
133	166	0.0481
133	172	0.0201
133	182	0.0373
133	219	0.1101
133	232	0.0669
133	255	0.0936
133	258	0.1113
133	261	0.0806
133	293	0.1082
134	136	0.0046
135	139	0.005
136	152	0.0337
137	139	0.0191
137	152	0.0257
137	161	0.0114
137	176	0.0187
137	255	0.0702
138	183	0.0253
138	201	0.0333
139	161	0.0171
139	162	0.0331
139	167	0.0272
139	177	0.0277
139	230	0.0546
140	166	0.0426
140	182	0.0382
141	157	0.0083
141	177	0.0183
142	144	0.0194
142	166	0.0564
142	172	0.1083
142	198	0.0983
142	216	0.1105
142	225	0.1062
142	229	0.0895
142	233	0.0724
142	261	0.1219
142	293	0.1469
143	147	0.0055
143	152	0.0364
143	162	0.014
143	170	0.0148
143	174	0.0239
143	221	0.0552
143	230	0.0666
143	299	0.1253
143	306	0.1394
143	310	0.1452
143	311	0.1479
144	150	0.1945
144	162	0.1873
144	166	0.0374
144	168	0.028
144	169	0.0416
144	172	0.089
144	176	0.1401
144	177	0.1767
144	181	0.0416
144	182	0.1118
144	183	0.0529
144	197	0.0599
144	201	0.0609
144	203	0.0603
144	213	0.0549
144	216	0.0929
144	219	0.0477
144	225	0.0895
144	233	0.0613
144	245	0.0708
144	246	0.0704
144	248	0.0731
144	250	0.0704
144	253	0.0742
144	255	0.156
144	258	0.0702
144	261	0.1071
144	263	0.0813
144	274	0.083
144	292	0.1512
144	293	0.1335
144	297	0.1276
144	299	0.1958
145	148	0.0074
145	182	0.0198
146	147	0.0017
146	150	0.0014
146	152	0.0325
146	159	0.0466
146	161	0.0533
146	166	0.1583
146	167	0.0641
146	168	0.1686
146	172	0.1071
146	174	0.0209
146	176	0.0574
146	177	0.0253
146	179	0.0244
146	182	0.0862
146	189	0.0654
146	202	0.0358
146	212	0.039
146	217	0.079
146	218	0.0543
146	221	0.0531
146	230	0.0642
146	232	0.0987
146	237	0.0704
146	255	0.0868
146	260	0.0815
146	261	0.14
146	284	0.106
146	292	0.1326
146	293	0.1503
146	299	0.1238
146	301	0.13
146	305	0.1353
146	306	0.1383
146	307	0.1418
146	310	0.1441
146	311	0.1468
147	150	0.002
147	152	0.031
147	153	0.1684
147	159	0.045
147	161	0.0517
147	162	0.0095
147	166	0.1567
147	167	0.0625
147	172	0.1055
147	174	0.0193
147	176	0.0558
147	177	0.0237
147	179	0.0229
147	182	0.0845
147	201	0.2472
147	202	0.0344
147	212	0.0378
147	217	0.0773
147	218	0.0528
147	219	0.2134
147	221	0.0517
147	230	0.0627
147	232	0.097
147	248	0.2344
147	249	0.0736
147	255	0.0852
147	258	0.2049
147	260	0.0802
147	261	0.1383
147	273	0.0893
147	284	0.1047
147	292	0.131
147	293	0.1487
147	298	0.1155
147	299	0.1226
147	300	0.1247
147	301	0.1288
147	305	0.134
147	306	0.1372
147	307	0.1406
147	310	0.143
147	311	0.1457
147	320	0.2151
147	321	0.2166
147	322	0.2187
147	324	0.2201
147	325	0.2247
148	158	0.0094
148	166	0.0779
148	182	0.0186
149	152	0.0244
149	157	0.008
149	221	0.0487
149	230	0.059
149	255	0.0811
150	152	0.0328
150	159	0.0468
150	162	0.0104
150	166	0.1586
150	167	0.0643
150	174	0.0203
150	176	0.0574
150	177	0.0247
150	179	0.0238
150	182	0.0863
150	201	0.2491
150	202	0.0349
150	212	0.0379
150	219	0.2151
150	221	0.0522
150	230	0.0634
150	248	0.236
150	255	0.086
150	258	0.2065
150	261	0.1396
150	263	0.2335
150	292	0.1318
150	296	0.1517
150	299	0.1227
150	301	0.1289
150	306	0.1371
150	310	0.1429
150	311	0.1456
150	320	0.2143
150	321	0.2158
150	322	0.2178
150	324	0.2193
150	325	0.2238
151	201	0.0276
152	156	0.0277
152	157	0.0178
152	158	0.0412
152	159	0.0144
152	161	0.0211
152	162	0.0261
152	166	0.1258
152	167	0.0318
152	170	0.0305
152	172	0.0747
152	174	0.0221
152	176	0.0265
152	177	0.0204
152	179	0.0225
152	182	0.0542
152	183	0.2114
152	186	0.0214
152	187	0.0235
152	189	0.0357
152	191	0.0439
152	192	0.0323
152	198	0.0917
152	201	0.2163
152	202	0.0321
152	210	0.0373
152	212	0.04
152	215	0.04
152	217	0.0531
152	218	0.042
152	219	0.1828
152	221	0.0447
152	222	0.0486
152	230	0.0505
152	232	0.0719
152	233	0.1441
152	248	0.2042
152	252	0.0654
152	255	0.0688
152	256	0.0741
152	258	0.1754
152	261	0.1122
152	263	0.2023
152	284	0.0958
152	288	0.1319
152	292	0.1126
152	293	0.1265
152	297	0.14
152	299	0.1153
152	301	0.1202
152	305	0.1257
152	306	0.1319
152	307	0.1335
152	310	0.1378
152	311	0.1404
153	166	0.0137
153	203	0.0806
153	248	0.0845
153	261	0.0892
153	293	0.1171
154	164	0.0062
154	171	0.0128
154	182	0.018
155	171	0.0094
157	177	0.0125
157	221	0.0426
157	230	0.0521
157	255	0.0738
158	161	0.0207
158	171	0.0074
158	182	0.0162
159	161	0.0068
159	162	0.039
159	166	0.112
159	167	0.0175
159	174	0.0327
159	176	0.0128
159	179	0.0317
159	182	0.0398
159	217	0.0417
159	219	0.1685
159	230	0.0468
159	248	0.1898
159	255	0.0612
159	258	0.161
159	261	0.099
159	293	0.1148
159	299	0.1108
159	301	0.1149
160	182	0.0122
161	162	0.0457
161	167	0.0108
161	174	0.039
161	179	0.0378
161	182	0.0332
161	189	0.0183
161	191	0.0245
161	230	0.0478
161	248	0.1832
161	255	0.0598
161	261	0.0936
161	299	0.1106
161	301	0.1143
162	166	0.151
162	167	0.0563
162	172	0.0994
162	174	0.0099
162	176	0.0486
162	177	0.0144
162	179	0.0134
162	182	0.0777
162	201	0.241
162	202	0.025
162	212	0.0289
162	217	0.0684
162	218	0.0433
162	219	0.2065
162	221	0.0423
162	230	0.0532
162	232	0.0881
162	237	0.0593
162	243	0.0552
162	248	0.227
162	249	0.0641
162	252	0.0621
162	255	0.0757
162	258	0.1971
162	261	0.1295
162	273	0.08
162	284	0.0954
162	288	0.1465
162	292	0.1215
162	293	0.1393
162	299	0.1136
162	301	0.1196
162	305	0.1249
162	306	0.1284
162	307	0.1317
162	310	0.1342
162	311	0.1369
162	321	0.2101
163	182	0.011
164	182	0.0128
165	201	0.021
166	167	0.0947
166	168	0.0104
166	169	0.0758
166	172	0.052
166	173	0.0114
166	174	0.1438
166	175	0.0195
166	176	0.1032
166	177	0.1399
166	181	0.0094
166	182	0.0746
166	183	0.0857
166	184	0.0158
166	197	0.0905
166	198	0.0431
166	201	0.0914
166	203	0.0898
166	206	0.0634
166	213	0.0808
166	216	0.0572
166	217	0.0991
166	219	0.0631
166	225	0.056
166	230	0.1295
166	232	0.0883
166	233	0.0461
166	242	0.0917
166	245	0.0869
166	246	0.0847
166	248	0.0886
166	250	0.0821
166	251	0.0883
166	253	0.0881
166	255	0.1195
166	258	0.0706
166	261	0.077
166	263	0.0919
166	274	0.0794
166	276	0.0766
166	288	0.0977
166	292	0.1196
166	293	0.1055
166	296	0.1085
166	297	0.1032
166	299	0.1618
166	301	0.1603
166	311	0.1832
166	313	0.3226
167	172	0.0431
167	174	0.0493
167	176	0.0105
167	179	0.0478
167	182	0.0227
167	189	0.015
167	191	0.0172
167	201	0.1848
167	217	0.0344
167	219	0.151
167	230	0.0509
167	232	0.0484
167	248	0.1726
167	255	0.0588
167	258	0.1441
167	261	0.0851
167	292	0.0951
167	293	0.1038
167	299	0.1108
167	301	0.1138
167	302	0.1143
167	307	0.128
167	310	0.1341
167	311	0.1365
168	248	0.08
168	258	0.0647
168	261	0.0818
169	183	0.012
169	197	0.0211
169	201	0.0222
169	203	0.0232
169	213	0.026
169	219	0.0402
169	246	0.0532
169	248	0.0536
169	258	0.0701
169	261	0.1319
169	263	0.0659
172	174	0.0919
172	176	0.0513
172	179	0.0901
172	182	0.0228
172	198	0.0209
172	201	0.1417
172	216	0.0302
172	217	0.0509
172	219	0.1085
172	225	0.0401
172	230	0.0802
172	232	0.0472
172	248	0.131
172	255	0.0752
172	258	0.1044
172	261	0.0623
172	263	0.1305
172	293	0.0891
172	299	0.1243
173	248	0.0774
173	261	0.0786
174	176	0.0407
174	177	0.0046
174	182	0.0698
174	201	0.2332
174	202	0.0162
174	204	0.0243
174	212	0.0219
174	217	0.0587
174	218	0.0338
174	219	0.1982
174	221	0.0333
174	230	0.0436
174	248	0.2183
174	255	0.0659
174	258	0.1882
174	261	0.1198
174	273	0.0712
174	284	0.0867
174	292	0.1117
174	293	0.1294
174	299	0.1053
174	301	0.1111
174	305	0.1164
174	306	0.1206
174	307	0.1234
174	310	0.1264
174	311	0.1291
174	321	0.2054
176	179	0.0388
176	182	0.0291
176	189	0.01
176	192	0.0096
176	201	0.1925
176	202	0.0402
176	212	0.0478
176	217	0.0297
176	218	0.0371
176	219	0.1579
176	221	0.0426
176	222	0.0311
176	230	0.0412
176	232	0.0468
176	233	0.1182
176	239	0.0564
176	248	0.1786
176	255	0.0516
176	256	0.0535
176	258	0.1493
176	261	0.0862
176	263	0.1762
176	271	0.0701
176	284	0.0831
176	292	0.0911
176	296	0.1048
176	299	0.1028
176	301	0.1064
176	305	0.1118
176	306	0.1204
176	307	0.1204
176	310	0.1261
176	311	0.1285
177	179	0.0022
177	182	0.0657
177	190	0.0092
177	201	0.229
177	202	0.0137
177	204	0.02
177	212	0.0206
177	218	0.03
177	230	0.0398
177	240	0.0627
177	248	0.2139
177	255	0.0618
177	258	0.1837
177	260	0.0592
177	261	0.1152
177	263	0.2108
177	273	0.0678
177	292	0.1075
177	293	0.125
177	299	0.1023
177	301	0.1079
177	310	0.1238
177	311	0.1264
177	321	0.2044
178	201	0.0171
179	182	0.0678
179	189	0.0448
179	217	0.0556
179	218	0.0302
179	221	0.0299
179	230	0.0401
179	232	0.0753
179	255	0.0624
179	260	0.0589
179	261	0.1167
179	292	0.1082
179	293	0.126
179	299	0.1019
179	301	0.1077
179	306	0.1173
179	307	0.1201
179	310	0.1232
179	311	0.1259
180	182	0.0095
181	182	0.073
181	188	0.005
181	219	0.0593
181	258	0.0634
181	261	0.0687
182	189	0.0241
182	191	0.0159
182	192	0.0301
182	195	0.0118
182	196	0.0133
182	198	0.0375
182	201	0.1634
182	203	0.1613
182	206	0.0211
182	207	0.0151
182	209	0.0261
182	211	0.0181
182	212	0.0743
182	216	0.0373
182	217	0.0313
182	219	0.1288
182	220	0.0327
182	221	0.065
182	222	0.0429
182	225	0.0489
182	226	0.0385
182	230	0.0586
182	232	0.0355
182	233	0.0901
182	239	0.0396
182	246	0.1458
182	248	0.15
182	250	0.1413
182	253	0.1483
182	255	0.0574
182	256	0.0529
182	258	0.1214
182	261	0.0655
182	263	0.1482
182	274	0.1225
182	284	0.0904
182	292	0.0837
182	293	0.0876
182	296	0.0905
182	297	0.0973
182	299	0.1088
182	301	0.1105
182	305	0.1155
182	306	0.1266
182	307	0.1246
182	310	0.1319
182	311	0.134
182	313	0.3823
182	321	0.2303
183	197	0.0099
183	201	0.011
183	203	0.0129
183	213	0.0208
183	219	0.0412
183	224	0.0338
183	245	0.0461
183	246	0.0489
183	248	0.0483
183	253	0.0516
183	258	0.0701
183	261	0.1369
183	263	0.0613
183	293	0.1575
184	255	0.1237
184	261	0.0738
184	293	0.1008
185	201	0.0088
186	192	0.0156
186	230	0.0304
189	192	0.0059
189	217	0.0202
189	230	0.0374
189	232	0.0369
189	255	0.0438
189	256	0.0444
189	261	0.0765
190	202	0.0083
190	230	0.0307
192	204	0.0246
192	217	0.0211
192	222	0.0215
192	255	0.042
193	201	0.0063
194	221	0.0207
195	207	0.0058
197	201	0.0011
197	213	0.0156
197	219	0.0392
197	245	0.0389
197	246	0.0422
197	248	0.041
197	250	0.0472
197	251	0.0427
197	253	0.0445
197	258	0.0662
197	261	0.1363
197	263	0.0541
198	206	0.021
198	216	0.0159
198	219	0.0915
198	232	0.0453
198	258	0.0845
198	261	0.0455
199	201	0.0072
199	213	0.0103
200	213	0.0093
201	203	0.0033
201	205	0.0099
201	213	0.0157
201	214	0.0103
201	217	0.1823
201	219	0.0395
201	224	0.0268
201	228	0.0244
201	230	0.2122
201	232	0.1667
201	233	0.0839
201	236	0.0278
201	242	0.0331
201	245	0.0385
201	246	0.0419
201	248	0.0406
201	250	0.047
201	251	0.0423
201	253	0.0441
201	255	0.1969
201	258	0.0662
201	261	0.1367
201	263	0.0536
201	276	0.0986
201	292	0.179
201	293	0.1558
201	299	0.2268
201	311	0.2423
201	313	0.2389
201	316	0.2359
201	318	0.2421
202	204	0.0136
202	212	0.0082
202	217	0.0495
202	221	0.0173
202	230	0.0287
202	255	0.0517
202	261	0.1097
203	219	0.0366
203	245	0.0353
203	246	0.0386
203	248	0.0373
203	250	0.0436
203	251	0.039
203	253	0.0408
203	258	0.0629
203	261	0.1338
203	263	0.0504
203	288	0.1407
203	293	0.1527
203	311	0.2392
204	218	0.0118
204	230	0.0208
205	213	0.0064
206	209	0.0058
206	239	0.0247
206	261	0.0456
208	258	0.0416
212	217	0.0539
212	221	0.0164
212	230	0.029
212	255	0.0521
212	261	0.1128
213	245	0.0255
213	246	0.0282
213	248	0.0279
213	253	0.0311
213	261	0.1213
213	263	0.0407
214	248	0.0308
215	230	0.0141
215	255	0.0289
216	225	0.0116
216	232	0.032
216	239	0.0234
216	255	0.0633
216	258	0.0862
216	261	0.0321
216	262	0.0324
216	293	0.0595
216	296	0.0627
217	218	0.0344
217	219	0.145
217	221	0.0403
217	222	0.014
217	230	0.0305
217	232	0.0197
217	239	0.0312
217	240	0.0142
217	248	0.1628
217	255	0.0263
217	256	0.0245
217	258	0.1315
217	261	0.0611
217	263	0.1586
217	271	0.0404
217	281	0.0525
217	283	0.058
217	284	0.0595
217	286	0.0541
217	292	0.0614
217	293	0.0734
217	296	0.0758
217	297	0.087
217	299	0.0784
217	301	0.0807
217	306	0.0963
217	307	0.095
217	310	0.1017
217	311	0.1039
217	321	0.1991
218	221	0.0062
218	230	0.0099
218	235	0.0118
218	249	0.0215
218	255	0.0327
218	261	0.0923
218	299	0.0735
219	230	0.1744
219	232	0.1286
219	233	0.0446
219	245	0.0243
219	246	0.023
219	248	0.0263
219	250	0.0227
219	253	0.0268
219	255	0.1582
219	258	0.0299
219	261	0.0972
219	263	0.0336
219	274	0.0436
219	276	0.0606
219	293	0.1165
219	297	0.1056
219	299	0.1873
219	301	0.1834
219	313	0.2595
220	226	0.0064
220	261	0.0331
221	230	0.0127
221	237	0.0197
221	243	0.0159
221	249	0.0219
221	252	0.021
221	255	0.0357
221	260	0.0291
221	261	0.0972
221	273	0.0379
221	284	0.0535
221	298	0.065
221	299	0.0722
221	300	0.0749
221	301	0.0779
221	305	0.0832
221	306	0.088
221	307	0.0905
221	310	0.094
221	311	0.0966
221	321	0.1789
221	322	0.1818
221	325	0.1877
222	230	0.0165
222	232	0.0314
222	255	0.0208
222	261	0.072
223	230	0.0084
223	255	0.0196
224	242	0.0104
224	261	0.1148
225	232	0.0389
225	255	0.0691
225	258	0.0757
225	261	0.0241
225	262	0.0246
225	293	0.053
225	296	0.0562
226	261	0.0271
227	230	0.017
228	236	0.0033
229	233	0.0251
229	254	0.0148
229	261	0.0325
229	262	0.0335
229	274	0.0555
230	232	0.046
230	234	0.0217
230	235	0.0108
230	237	0.0071
230	238	0.0174
230	239	0.0576
230	240	0.0301
230	243	0.0179
230	248	0.1911
230	249	0.0122
230	252	0.0179
230	255	0.0232
230	256	0.0335
230	258	0.1591
230	259	0.0184
230	260	0.0226
230	261	0.0849
230	263	0.186
230	272	0.0393
230	273	0.0295
230	281	0.0569
230	284	0.0453
230	286	0.0553
230	287	0.0491
230	288	0.0974
230	292	0.0688
230	293	0.0887
230	295	0.0532
230	297	0.1044
230	298	0.0577
230	299	0.0648
230	300	0.068
230	301	0.0697
230	305	0.0751
230	306	0.0816
230	307	0.083
230	310	0.0875
230	311	0.0901
230	321	0.1774
231	258	0.0164
232	239	0.0118
232	240	0.0169
232	248	0.1451
232	255	0.0313
232	256	0.0218
232	258	0.1133
232	261	0.0414
232	283	0.0435
232	285	0.047
232	288	0.06
232	292	0.0483
232	296	0.0582
232	297	0.0681
232	299	0.0771
232	301	0.0775
232	307	0.0915
232	310	0.0994
232	311	0.1013
233	248	0.0609
233	254	0.0277
233	255	0.1138
233	258	0.0315
233	261	0.0529
233	262	0.0539
233	263	0.0581
233	274	0.0355
233	275	0.0372
233	276	0.0309
233	293	0.075
233	296	0.0773
234	255	0.0139
237	255	0.0165
239	255	0.041
239	261	0.0302
239	262	0.0297
240	255	0.0152
240	256	0.0103
240	261	0.0549
241	261	0.0175
242	245	0.0078
242	248	0.0087
242	251	0.0104
242	261	0.117
244	248	0.0048
245	246	0.0041
245	248	0.0025
245	253	0.0056
245	258	0.0331
245	261	0.1093
245	263	0.0152
246	250	0.0059
246	253	0.0039
246	255	0.1689
246	258	0.029
246	261	0.1053
246	263	0.0128
246	293	0.1198
246	313	0.2387
247	261	0.0128
248	250	0.0097
248	253	0.0037
248	255	0.173
248	258	0.0329
248	261	0.1093
248	263	0.0131
248	274	0.0418
248	276	0.0645
248	292	0.1482
248	293	0.1233
248	299	0.1961
248	301	0.1914
248	311	0.2091
248	313	0.2347
248	316	0.2303
248	318	0.2349
248	331	0.5326
249	255	0.0171
249	259	0.007
249	260	0.0113
250	258	0.0232
250	261	0.0996
250	263	0.0109
250	274	0.0327
251	258	0.0314
251	261	0.1079
253	255	0.1703
253	258	0.0299
253	261	0.1064
253	263	0.0097
253	293	0.12
254	261	0.0255
254	262	0.0265
254	276	0.0292
254	288	0.0384
255	256	0.0118
255	258	0.1405
255	259	0.0128
255	260	0.0234
255	261	0.0646
255	263	0.167
255	265	0.0111
255	266	0.0403
255	267	0.0493
255	271	0.0315
255	272	0.0163
255	273	0.0219
255	276	0.1132
255	281	0.0342
255	283	0.0453
255	284	0.0332
255	286	0.0334
255	287	0.031
255	288	0.0748
255	289	0.0334
255	292	0.0458
255	293	0.0657
255	295	0.0394
255	296	0.0672
255	297	0.0816
255	298	0.046
255	299	0.0523
255	300	0.0564
255	301	0.0551
255	305	0.0605
255	306	0.0701
255	307	0.0692
255	310	0.0756
255	311	0.0779
255	313	0.3924
255	321	0.1729
255	322	0.1767
256	261	0.0528
256	267	0.0377
256	271	0.0208
256	272	0.0122
256	292	0.0385
256	296	0.0574
256	299	0.0563
257	261	0.0164
258	261	0.0765
258	263	0.0271
258	264	0.0151
258	274	0.0137
258	276	0.0327
258	288	0.0788
258	293	0.0911
258	296	0.0926
258	297	0.0784
258	299	0.1635
258	313	0.2609
259	273	0.0125
260	273	0.0095
260	284	0.0245
261	263	0.1026
261	266	0.0257
261	267	0.0169
261	268	0.0143
261	269	0.0127
261	270	0.0097
261	271	0.0358
261	273	0.0809
261	274	0.0712
261	275	0.0278
261	276	0.0487
261	277	0.0122
261	278	0.028
261	279	0.0229
261	280	0.0176
261	281	0.0495
261	282	0.0223
261	283	0.0375
261	284	0.0815
261	286	0.0553
261	288	0.025
261	290	0.0363
261	291	0.0328
261	292	0.0442
261	293	0.0291
261	294	0.032
261	296	0.0323
261	297	0.0329
261	299	0.0907
261	301	0.0876
261	303	0.049
261	304	0.0526
261	305	0.0905
261	306	0.1047
261	307	0.0987
261	308	0.0638
261	309	0.0645
261	310	0.1079
261	311	0.109
261	313	0.3292
261	321	0.2098
262	275	0.0286
262	276	0.0495
262	288	0.0248
262	292	0.0433
262	293	0.0285
262	296	0.0316
262	297	0.0327
263	276	0.0557
263	293	0.1143
263	311	0.1993
263	313	0.2344
266	267	0.0091
266	271	0.0102
266	272	0.0289
266	281	0.0261
266	286	0.0315
267	271	0.0191
267	281	0.033
267	283	0.0228
269	270	0.0035
271	281	0.018
271	283	0.0177
272	283	0.0295
273	284	0.0158
273	299	0.0353
273	322	0.1556
273	325	0.1612
274	293	0.082
275	276	0.0213
275	288	0.0278
275	296	0.0415
276	288	0.0465
276	293	0.0588
276	296	0.0601
276	297	0.0458
281	283	0.0149
281	286	0.0058
281	293	0.0368
283	293	0.022
284	286	0.028
284	293	0.0698
284	298	0.013
284	299	0.0198
284	300	0.0235
284	306	0.0373
284	311	0.0455
286	293	0.0419
286	299	0.0357
286	301	0.0337
287	299	0.0244
287	301	0.025
287	311	0.0486
288	293	0.0124
288	296	0.0138
288	297	0.0083
288	308	0.0389
290	293	0.0172
292	293	0.0259
292	296	0.0258
292	297	0.042
292	299	0.048
292	301	0.0439
292	310	0.0637
292	311	0.0647
293	296	0.0032
293	297	0.0165
293	299	0.073
293	301	0.0681
293	303	0.0238
293	305	0.0696
293	306	0.0838
293	307	0.0766
293	308	0.0378
293	309	0.0393
293	310	0.086
293	311	0.0865
296	297	0.0162
296	303	0.0212
296	308	0.0349
296	311	0.0848
297	308	0.0319
298	299	0.0072
298	300	0.0105
299	301	0.0076
299	305	0.0118
299	306	0.0178
299	307	0.0182
299	310	0.0234
299	311	0.0257
299	321	0.1232
299	322	0.1274
299	325	0.1326
300	301	0.0097
300	307	0.016
301	305	0.0055
301	306	0.0175
301	307	0.0142
301	310	0.0219
301	311	0.0237
301	321	0.124
302	310	0.0218
305	307	0.0092
305	311	0.0192
306	307	0.0086
306	310	0.0059
306	311	0.0086
307	310	0.0094
307	311	0.0103
310	311	0.0027
311	320	0.0968
311	321	0.1011
311	322	0.1057
311	324	0.1021
311	325	0.1105
312	313	0.0096
312	316	0.018
312	318	0.0272
313	314	0.0045
313	315	0.0072
313	316	0.0086
313	317	0.0071
313	318	0.0179
313	319	0.0212
313	326	0.0736
313	329	0.3011
313	331	0.3468
314	316	0.0042
314	317	0.0036
315	316	0.0013
315	317	0.0022
316	317	0.0028
316	318	0.0113
316	319	0.0133
318	319	0.0051
320	324	0.0054
321	322	0.0054
321	323	0.0061
321	324	0.005
321	325	0.0094
322	325	0.0061
327	328	0.0093
327	329	0.0163
327	330	0.0935
327	332	0.0013
328	329	0.007
329	330	0.0784
